-32760 32760 -32760 55 -178 72 20
-83 46 -1364 485 -545 989 40
-68 37 -1428 478 -541 1001 60
-72 44 -1439 491 -532 1000 80
-59 28 -1432 2657 -3043 4916 100
-72 44 -1446 487 -538 1001 120
-72 42 -1424 474 -537 1002 140
-72 36 -1437 447 -488 944 160
-80 37 -1452 425 -468 917 180
-77 46 -1445 367 -394 838 200
-75 37 -1443 244 -250 684 220
-69 48 -1463 78 -61 395 240
-73 56 -1459 -7 30 24 260
-75 53 -1448 39 15 -72 280
-77 45 -1452 38 15 -81 300
-75 40 -1428 32 4 -58 320
-67 35 -1449 53 8 -70 340
-75 37 -1446 43 25 -59 360
-75 27 -1438 40 9 -75 380
-83 42 -1444 39 10 -82 400
-68 49 -1453 41 11 -71 420
-77 49 -1437 25 18 -67 440
-73 37 -1443 45 12 -69 460
-76 41 -1434 30 20 -74 480
-73 47 -1436 34 15 -78 500
-67 46 -1434 38 9 -63 520
-72 41 -1438 37 9 -66 540
-66 40 -1442 25 15 -64 560
-73 44 -1428 39 16 -72 580
-77 46 -1445 35 11 -73 600
-64 45 -1442 33 4 -78 620
-76 47 -1433 39 11 -70 640
-75 40 -1447 43 12 -73 660
-70 42 -1433 52 8 -86 680
-75 37 -1432 40 17 -70 700
-71 50 -1432 36 16 -68 720
-73 39 -1435 30 18 -69 740
-82 43 -1425 23 22 -69 760
-70 37 -1433 52 11 -64 780
-55 46 -1442 39 15 -75 800
-69 46 -1431 33 12 -63 820
-84 47 -1431 38 23 -78 840
-77 38 -1439 45 9 -77 860
-57 45 -1434 30 16 -69 880
-81 35 -1434 50 2 -78 900
-85 53 -1436 33 16 -82 920
-72 40 -1422 29 12 -70 940
-71 30 -1424 35 9 -61 960
-83 38 -1428 33 11 -77 980
-81 49 -1430 44 14 -75 1000
-80 38 -1439 58 12 -80 1020
-79 34 -1436 37 18 -80 1040
-71 43 -1431 28 13 -70 1060
