-32760 32760 -32760 210 -70 240 20
-67 28 -1367 484 -545 988 40
-67 47 -1432 478 -535 998 60
-80 26 -1442 27 -135 -6 80
-68 40 -1437 813 -763 1711 100
-58 28 -1439 483 -539 1003 120
-65 40 -1453 485 -541 1000 140
-61 43 -1446 407 -463 901 160
-78 42 -1438 338 -367 799 180
-75 36 -1454 186 -196 646 200
-72 42 -1448 97 -106 492 220
-66 53 -1449 -17 44 124 240
-56 33 -1451 45 2 -63 260
-69 38 -1445 34 8 -62 280
-66 39 -1441 37 7 -58 300
-75 29 -1435 34 10 -63 320
-70 42 -1434 38 12 -63 340
-69 37 -1444 39 10 -65 360
-62 40 -1441 47 -1 -54 380
-76 42 -1436 46 19 -64 400
-72 50 -1445 34 13 -63 420
-69 44 -1432 34 14 -62 440
-74 42 -1431 37 16 -65 460
-66 29 -1435 32 9 -50 480
-79 34 -1431 33 20 -63 500
-62 44 -1434 43 13 -58 520
-66 32 -1443 43 20 -54 540
-67 33 -1457 16 9 -40 560
-64 39 -1448 52 3 -63 580
-71 27 -1443 39 9 -57 600
-75 33 -1449 33 6 -57 620
-69 48 -1435 40 10 -56 640
-64 38 -1444 29 14 -51 660
-72 41 -1434 55 -1 -63 680
-80 35 -1444 35 6 -53 700
-64 42 -1437 21 14 -60 720
-68 42 -1427 45 10 -60 740
-77 33 -1436 36 10 -71 760
-60 35 -1433 28 9 -64 780
-65 41 -1435 38 14 -66 800
-65 43 -1424 43 15 -60 820
-59 36 -1430 40 13 -63 840
-73 37 -1434 42 13 -58 860
-67 33 -1427 37 6 -57 880
-72 32 -1445 30 10 -53 900
-55 34 -1431 33 15 -62 920
-73 34 -1435 44 7 -61 940
-64 29 -1452 34 13 -64 960
-66 40 -1449 32 7 -59 980
-65 40 -1445 44 13 -58 1000
-64 38 -1419 36 10 -60 1020
-70 41 -1431 42 9 -55 1040
-65 31 -1431 40 8 -61 1060
-60 36 -1443 46 13 -66 1080
-74 37 -1426 38 14 -62 1100
-67 27 -1441 38 14 -58 1120
-62 34 -1425 56 18 -64 1140
-66 38 -1435 44 16 -66 1160
-75 39 -1432 37 8 -59 1180
-70 33 -1435 37 16 -61 1200
-73 42 -1434 44 9 -61 1220
-83 33 -1437 43 12 -58 1240
-65 28 -1430 41 8 -68 1260
-61 36 -1429 35 18 -56 1280
-74 37 -1422 35 11 -63 1300
-65 51 -1436 34 13 -57 1320
-62 40 -1436 29 15 -58 1340
-77 31 -1430 42 12 -60 1360
-81 38 -1425 41 0 -58 1380
-69 38 -1425 42 0 -55 1400
-63 38 -1421 30 18 -57 1420
-75 39 -1440 51 10 -56 1440
-76 42 -1434 39 7 -55 1460
-70 35 -1435 38 16 -56 1480
-70 35 -1423 37 14 -62 1500
-57 33 -1425 40 12 -67 1520
-75 28 -1418 36 18 -57 1540
-68 30 -1423 61 7 -62 1560
-64 46 -1416 29 4 -59 1580
-79 49 -1430 37 9 -63 1600
-66 43 -1426 45 9 -65 1620
-77 35 -1432 36 11 -58 1640
-69 36 -1431 30 17 -61 1660
-72 32 -1433 50 9 -57 1680
-71 37 -1424 45 15 -63 1700
-70 46 -1427 29 12 -63 1720
-71 59 -1427 43 14 -64 1740
-62 49 -1428 35 12 -62 1760
-65 34 -1420 37 7 -73 1780
-62 37 -1419 39 14 -51 1800
-79 37 -1428 47 9 -56 1820
-59 34 -1429 35 12 -75 1840
