-73 44 -1405 29 18 -80 20
-66 41 -1363 28 8 -82 40
-89 50 -1404 33 12 -79 60
-77 41 -1417 30 21 -83 80
-91 40 -1411 36 15 -82 100
-89 47 -1410 35 20 -76 120
-79 54 -1401 25 11 -87 140
-87 42 -1415 28 15 -77 160
-84 47 -1411 36 17 -78 180
-92 46 -1409 37 17 -87 200
-80 43 -1423 36 14 -83 220
-95 46 -1411 31 19 -83 240
-75 53 -1414 33 15 -86 260
-88 43 -1421 29 17 -80 280
-87 46 -1414 34 10 -89 300
-80 47 -1401 34 16 -91 320
-93 50 -1427 22 21 -83 340
-87 54 -1405 18 24 -78 360
-90 35 -1404 28 14 -68 380
-82 46 -1410 39 7 -89 400
-87 42 -1427 33 11 -84 420
-93 44 -1421 35 7 -88 440
-80 44 -1406 42 18 -80 460
-82 46 -1412 36 14 -77 480
-81 45 -1417 37 13 -79 500
-93 40 -1418 26 19 -90 520
-90 39 -1414 31 22 -84 540
-85 49 -1414 29 11 -77 560
-89 46 -1418 35 12 -86 580
-83 46 -1417 53 18 -80 600
-84 42 -1408 36 9 -82 620
-92 52 -1423 43 18 -83 640
-80 56 -1416 36 14 -91 660
-86 60 -1411 36 11 -81 680
-90 49 -1400 34 8 -92 700
-98 46 -1424 29 15 -83 720
-81 40 -1403 33 14 -74 740
-94 43 -1400 31 18 -76 760
-83 53 -1422 47 11 -78 780
-84 44 -1412 29 12 -82 800
-81 45 -1425 23 10 -73 820
-88 57 -1408 42 4 -86 840
-76 49 -1410 36 15 -88 860
-83 47 -1406 31 15 -80 880
-81 42 -1416 35 18 -88 900
-86 34 -1400 33 10 -87 920
-83 49 -1417 40 18 -102 940
-81 50 -1409 34 20 -82 960
-92 65 -1420 33 17 -80 980
-74 45 -1423 33 17 -81 1000
-96 37 -1403 21 18 -75 1020
-75 48 -1398 29 9 -77 1040
-87 39 -1411 31 13 -89 1060
