  0.046   0.014  -1.423  -2.560   0.002  -0.063 21
  0.056   0.036  -1.576  -3.067  -0.036  -0.132 41
  0.109   0.048  -1.704  -2.879  -0.034  -0.203 61
  0.153   0.066  -1.663  -2.757  -0.041  -0.262 81
  0.197   0.090  -1.632  -2.773  -0.045  -0.314 101
  0.256   0.104  -1.580  -2.268  -0.034  -0.359 121
  0.305   0.122  -1.570  -3.218  -0.033  -0.427 141
  0.358   0.137  -1.625  -3.045  -0.029  -0.491 161
  0.413   0.157  -1.693  -3.182  -0.026  -0.553 181
  0.455   0.172  -1.855  -2.782  -0.040  -0.605 201
  0.503   0.190  -1.707  -2.966  -0.044  -0.658 221
  0.570   0.210  -1.780  -2.911  -0.031  -0.706 241
  0.633   0.227  -0.970  -2.947   0.002  -0.757 261
  0.686   0.241  -1.822  -3.196  -0.001  -0.817 281
  0.734   0.253  -1.212  -2.705   0.009  -0.861 301
  0.787   0.276  -1.328  -2.977   0.020  -0.903 321
  0.829   0.304  -1.617  -3.070   0.012  -0.941 341
  0.882   0.335  -1.535  -3.068   0.017  -0.975 361
  0.935   0.349  -1.413  -3.026   0.026  -1.023 381
  0.988   0.370  -1.823  -2.996   0.022  -1.062 401
  1.049   0.389  -1.503  -2.639   0.035  -1.090 421
  1.085   0.407  -1.447  -3.574   0.026  -1.147 441
  1.137   0.428  -1.460  -2.879   0.031  -1.178 461
  1.182   0.451  -1.530  -2.656   0.028  -1.201 481
  1.225   0.473  -1.744  -2.960   0.017  -1.232 501
  1.282   0.493  -1.617  -2.788   0.023  -1.260 521
  1.330   0.519  -1.427  -2.771   0.026  -1.279 541
  1.380   0.538  -1.742  -3.157   0.022  -1.318 561
  1.425   0.557  -1.457  -3.155   0.021  -1.354 581
  1.474   0.584  -1.722  -3.155   0.016  -1.382 601
  1.519   0.605  -1.413  -3.026   0.017  -1.411 621
  1.565   0.633  -1.456  -2.870   0.017  -1.428 641
  1.624   0.650  -1.695  -2.864   0.023  -1.455 661
  1.666   0.664  -1.299  -3.124   0.024  -1.491 681
  1.711   0.662  -1.503  -3.450   0.022  -1.551 701
  1.756   0.671  -1.731  -2.856   0.013  -1.582 721
  1.807   0.693  -1.648  -2.812   0.013  -1.597 741
  1.848   0.714  -1.654  -2.862   0.002  -1.615 761
  1.903   0.734  -1.577  -2.667   0.008  -1.628 781
  1.954   0.748  -1.687  -3.251   0.007  -1.663 801
  2.012   0.760  -1.136  -3.040   0.029  -1.692 821
  2.040   0.780  -1.502  -2.678   0.010  -1.702 841
  2.089   0.802  -1.662  -3.644   0.007  -1.739 861
  2.136   0.823  -1.863  -2.834  -0.003  -1.751 881
  2.183   0.836  -1.685  -2.566  -0.008  -1.764 901
  2.227   0.864  -1.739  -3.113  -0.017  -1.777 921
  2.265   0.883  -1.896  -3.184  -0.036  -1.800 941
  2.313   0.906  -1.536  -2.667  -0.035  -1.804 961
  2.376   0.916  -2.055  -3.423  -0.035  -1.843 981
  2.439   0.924  -1.292  -3.066  -0.011  -1.872 1001
  2.493   0.937  -1.623  -2.879  -0.007  -1.890 1021
  2.545   0.977  -1.706  -3.126  -0.007  -1.888 1041
  2.580   0.991  -1.261  -3.049  -0.011  -1.909 1061
  2.636   1.008  -1.382  -2.925   0.002  -1.923 1081
  2.685   1.026  -1.458  -2.875   0.006  -1.934 1101
  2.748   1.043  -1.490  -2.778   0.022  -1.943 1121
  2.803   1.056  -1.692  -3.019   0.024  -1.963 1141
  2.863   1.074  -1.375  -2.911   0.040  -1.974 1161
  2.916   1.092  -1.374  -3.148   0.049  -1.991 1181
  2.967   1.106  -1.466  -2.320   0.053  -1.988 1201
  3.017   1.130  -1.053  -2.713   0.068  -1.986 1221
  3.070   1.154  -1.684  -3.204   0.067  -2.000 1241
  3.122   1.169  -1.262  -3.295   0.078  -2.024 1261
  3.198   1.176  -1.290  -3.343   0.110  -2.057 1281
  3.240   1.186  -1.179  -3.250   0.112  -2.083 1301
  3.270   1.205  -1.706  -3.531   0.087  -2.107 1321
  3.326   1.218  -1.462  -2.557   0.095  -2.108 1341
  3.382   1.225  -1.968  -3.611   0.088  -2.147 1361
  3.443   1.250  -1.818  -2.544   0.089  -2.134 1381
  3.485   1.267  -1.781  -3.518   0.074  -2.159 1401
  3.521   1.281  -1.448  -2.774   0.063  -2.164 1421
  3.549   1.308  -1.259  -2.921   0.051  -2.161 1441
  3.598   1.336  -1.265  -3.139   0.059  -2.163 1461
  3.655   1.348  -1.215  -2.994   0.076  -2.176 1481
  3.714   1.352  -1.492  -3.463   0.086  -2.211 1501
  3.755   1.371  -1.785  -2.919   0.070  -2.214 1521
  3.807   1.392  -1.630  -3.094   0.069  -2.220 1541
  3.850   1.411  -1.921  -2.681   0.051  -2.215 1561
  3.920   1.422  -1.498  -2.549   0.073  -2.214 1581
  3.984   1.441  -1.297  -2.917   0.094  -2.218 1601
  4.040   1.459  -1.936  -3.265   0.087  -2.231 1621
  4.087   1.485  -1.466  -3.254   0.086  -2.236 1641
  4.140   1.508  -1.748  -2.601   0.082  -2.226 1661
  4.200   1.522  -2.011  -2.935   0.078  -2.233 1681
  4.249   1.558  -1.517  -2.554   0.078  -2.208 1701
  4.297   1.568  -1.697  -2.866   0.070  -2.218 1721
  4.355   1.590  -1.896  -2.862   0.069  -2.215 1741
  4.413   1.606  -1.719  -2.797   0.071  -2.218 1761
  4.495   1.613  -1.582  -2.676   0.101  -2.225 1781
  4.519   1.638  -1.533  -2.943   0.075  -2.222 1801
  4.560   1.658  -1.655  -2.663   0.063  -2.216 1821
  4.602   1.677  -1.850  -2.694   0.046  -2.211 1841
  4.654   1.695  -1.403  -3.204   0.053  -2.224 1861
  4.690   1.718  -1.574  -2.744   0.039  -2.217 1881
  4.749   1.729  -1.056  -3.328   0.063  -2.240 1901
  4.809   1.753  -1.571  -3.099   0.073  -2.243 1921
  4.869   1.778  -1.353  -2.743   0.088  -2.233 1941
  4.927   1.796  -1.532  -2.981   0.096  -2.238 1961
  4.970   1.816  -1.657  -2.989   0.085  -2.242 1981
  5.013   1.838  -1.654  -3.064   0.075  -2.244 2001
  5.061   1.865  -1.832  -3.092   0.064  -2.244 2021
  5.113   1.877  -1.040  -3.397   0.081  -2.266 2041
  5.162   1.889  -1.021  -2.490   0.096  -2.262 2061
  5.225   1.904  -1.370  -2.979   0.113  -2.269 2081
  5.284   1.911  -1.585  -2.763   0.119  -2.277 2101
  5.337   1.932  -1.008  -3.463   0.137  -2.292 2121
  5.401   1.942  -1.494  -2.905   0.150  -2.301 2141
  5.452   1.961  -1.662  -3.038   0.145  -2.304 2161
  5.498   1.975  -1.375  -3.113   0.144  -2.315 2181
  5.552   2.003  -1.336  -2.347   0.152  -2.289 2201
  5.610   2.026  -1.538  -3.034   0.157  -2.289 2221
  5.667   2.041  -1.423  -2.520   0.166  -2.281 2241
  5.727   2.052  -1.416  -3.032   0.177  -2.293 2261
  5.789   2.073  -1.777  -3.028   0.178  -2.295 2281
  5.842   2.096  -1.742  -2.915   0.172  -2.291 2301
  5.893   2.115  -1.500  -3.160   0.170  -2.298 2321
  5.933   2.139  -1.686  -3.209   0.154  -2.303 2341
  5.982   2.149  -1.692  -3.300   0.146  -2.323 2361
  6.056   2.167  -1.761  -3.000   0.161  -2.326 2381
  6.114   2.197  -1.534  -2.663   0.166  -2.307 2401
  6.167   2.216  -1.374  -3.108   0.171  -2.312 2421
  6.219   2.226  -1.334  -2.546   0.176  -2.310 2441
  6.272   2.247  -1.379  -3.202   0.181  -2.316 2461
  6.322   2.261  -1.419  -3.281   0.182  -2.332 2481
  6.371   2.272  -1.531  -3.220   0.178  -2.347 2501
  6.420   2.295  -1.718  -2.944   0.169  -2.344 2521
  6.471   2.323  -1.818  -2.866   0.158  -2.332 2541
  6.521   2.346  -1.653  -2.780   0.153  -2.322 2561
  6.576   2.367  -1.785  -3.283   0.148  -2.331 2581
  6.612   2.387  -1.170  -3.184   0.143  -2.337 2601
  6.660   2.408  -0.931  -3.155   0.157  -2.342 2621
  6.710   2.419  -1.214  -3.032   0.165  -2.351 2641
  6.776   2.435  -0.928  -3.104   0.196  -2.359 2661
  6.833   2.454  -1.297  -3.362   0.207  -2.370 2681
  6.867   2.477  -1.867  -2.921   0.177  -2.365 2701
  6.917   2.500  -1.733  -2.981   0.169  -2.360 2721
  6.979   2.519  -1.333  -3.028   0.184  -2.363 2741
  7.043   2.534  -1.248  -3.137   0.203  -2.371 2761
  7.115   2.545  -1.012  -2.994   0.236  -2.379 2781
  7.157   2.565  -1.906  -2.595   0.212  -2.366 2801
  7.172   2.587  -1.741  -2.792   0.169  -2.357 2821
  7.218   2.612  -1.630  -3.378   0.160  -2.364 2841
  7.277   2.626  -1.902  -3.276   0.155  -2.377 2861
  7.319   2.642  -1.457  -2.994   0.147  -2.381 2881
  7.367   2.666  -1.655  -3.106   0.139  -2.380 2901
  7.421   2.682  -1.497  -2.588   0.143  -2.370 2921
  7.483   2.701  -1.193  -2.227   0.163  -2.348 2941
  7.561   2.709  -1.850  -2.975   0.178  -2.358 2961
  7.612   2.724  -1.906  -2.838   0.165  -2.358 2981
  7.665   2.758  -1.385  -3.094   0.170  -2.347 3001
  7.724   2.771  -1.375  -2.828   0.181  -2.349 3021
  7.760   2.782  -1.767  -2.971   0.158  -2.357 3041
  7.792   2.801  -1.265  -3.017   0.146  -2.358 3061
  7.837   2.815  -1.390  -2.901   0.143  -2.361 3081
  7.882   2.827  -1.335  -2.790   0.143  -2.363 3101
  7.939   2.843  -1.737  -2.947   0.142  -2.364 3121
  7.990   2.862  -1.660  -2.671   0.137  -2.355 3141
  8.040   2.880  -1.452  -2.621   0.138  -2.346 3161
  8.092   2.904  -1.670  -2.850   0.134  -2.338 3181
  8.154   2.918  -1.654  -3.144   0.140  -2.348 3201
  8.212   2.947  -1.336  -2.953   0.153  -2.338 3221
  8.271   2.975  -1.585  -2.844   0.158  -2.326 3241
  8.327   2.999  -1.408  -3.256   0.165  -2.331 3261
  8.396   3.006  -1.500  -3.038   0.182  -2.345 3281
  8.448   3.027  -1.379  -2.717   0.185  -2.336 3301
  8.525   3.035  -1.293  -3.390   0.215  -2.360 3321
  8.581   3.058  -1.650  -2.856   0.214  -2.353 3341
  8.630   3.076  -1.402  -2.683   0.213  -2.345 3361
  8.684   3.090  -1.529  -2.453   0.214  -2.335 3381
  8.729   3.105  -1.498  -2.994   0.206  -2.339 3401
  8.788   3.111  -1.444  -2.846   0.213  -2.349 3421
  8.833   3.115  -1.079  -2.914   0.218  -2.362 3441
  8.876   3.116  -1.654  -2.661   0.204  -2.370 3461
  8.928   3.136  -2.073  -3.047   0.186  -2.371 3481
  8.978   3.158  -1.530  -2.776   0.183  -2.361 3501
  9.022   3.170  -1.501  -3.081   0.175  -2.372 3521
  9.071   3.186  -1.539  -3.198   0.171  -2.381 3541
  9.108   3.207  -1.549  -2.649   0.156  -2.368 3561
  9.149   3.231  -1.937  -3.146   0.133  -2.369 3581
  9.192   3.245  -1.619  -3.518   0.122  -2.389 3601
  9.247   3.261  -1.581  -3.321   0.124  -2.403 3621
  9.289   3.275  -1.709  -2.968   0.110  -2.406 3641
  9.341   3.294  -1.447  -2.812   0.113  -2.399 3661
  9.388   3.307  -2.100  -2.866   0.093  -2.401 3681
  9.443   3.318  -1.255  -2.832   0.106  -2.403 3701
  9.491   3.336  -1.413  -2.744   0.106  -2.396 3721
  9.527   3.352  -1.340  -3.286   0.098  -2.407 3741
  9.576   3.371  -1.334  -3.030   0.103  -2.407 3761
  9.625   3.391  -1.509  -3.218   0.102  -2.412 3781
  9.675   3.403  -1.896  -2.983   0.091  -2.417 3801
  9.727   3.429  -1.453  -2.784   0.095  -2.404 3821
  9.782   3.441  -1.423  -2.804   0.102  -2.403 3841
  9.829   3.458  -1.645  -3.246   0.096  -2.412 3861
  9.887   3.480  -1.592  -2.693   0.101  -2.399 3881
  9.929   3.501  -1.095  -2.957   0.106  -2.396 3901
  9.967   3.517  -1.368  -2.774   0.098  -2.392 3921
 10.042   3.529  -1.630  -3.500   0.120  -2.413 3941
 10.095   3.542  -1.694  -2.983   0.117  -2.418 3961
 10.149   3.562  -1.870  -2.804   0.109  -2.410 3981
 10.224   3.566  -1.620  -3.279   0.130  -2.432 4001
 10.289   3.578  -1.774  -2.579   0.136  -2.425 4021
 10.339   3.583  -1.622  -2.998   0.132  -2.438 4041
 10.394   3.599  -1.370  -3.381   0.140  -2.450 4061
 10.448   3.606  -1.295  -2.790   0.150  -2.453 4081
 10.500   3.611  -1.572  -3.061   0.148  -2.467 4101
 10.545   3.625  -1.500  -3.119   0.142  -2.473 4121
 10.590   3.641  -1.308  -3.021   0.142  -2.473 4141
 10.639   3.658  -1.051  -2.828   0.154  -2.468 4161
 10.697   3.678  -1.101  -3.300   0.173  -2.474 4181
 10.753   3.695  -1.291  -3.144   0.184  -2.478 4201
 10.802   3.716  -1.333  -3.028   0.186  -2.474 4221
 10.850   3.734  -1.215  -3.036   0.190  -2.473 4241
 10.892   3.752  -1.426  -2.606   0.182  -2.459 4261
 10.941   3.769  -1.330  -2.981   0.184  -2.459 4281
 11.015   3.779  -1.716  -2.858   0.199  -2.461 4301
 11.080   3.787  -2.000  -2.856   0.196  -2.465 4321
 11.134   3.805  -1.344  -2.645   0.203  -2.453 4341
 11.180   3.825  -1.212  -3.108   0.205  -2.453 4361
 11.249   3.828  -1.445  -2.408   0.222  -2.449 4381
 11.294   3.847  -1.662  -2.715   0.209  -2.438 4401
 11.343   3.868  -1.748  -2.641   0.198  -2.424 4421
 11.407   3.879  -1.626  -2.520   0.206  -2.416 4441
 11.453   3.907  -1.289  -3.059   0.206  -2.408 4461
 11.501   3.926  -1.622  -2.836   0.197  -2.403 4481
 11.556   3.935  -1.780  -2.547   0.191  -2.398 4501
 11.607   3.954  -1.368  -2.734   0.194  -2.390 4521
 11.663   3.976  -1.320  -3.078   0.203  -2.389 4541
 11.722   3.996  -1.406  -2.490   0.212  -2.373 4561
 11.773   4.017  -1.747  -2.842   0.202  -2.367 4581
 11.829   4.042  -1.569  -2.734   0.203  -2.354 4601
 11.885   4.053  -1.626  -2.844   0.202  -2.357 4621
 11.946   4.070  -1.532  -3.061   0.210  -2.362 4641
 11.990   4.084  -1.496  -2.626   0.201  -2.357 4661
 12.053   4.103  -1.043  -3.206   0.225  -2.363 4681
 12.117   4.115  -1.485  -2.528   0.236  -2.357 4701
 12.152   4.137  -1.657  -3.070   0.213  -2.357 4721
 12.200   4.148  -1.652  -2.818   0.203  -2.360 4741
 12.257   4.165  -1.617  -2.788   0.205  -2.356 4761
 12.314   4.180  -1.630  -2.972   0.205  -2.360 4781
 12.366   4.200  -1.094  -3.198   0.216  -2.366 4801
 12.404   4.222  -1.811  -2.937   0.192  -2.361 4821
 12.443   4.239  -1.785  -2.838   0.171  -2.359 4841
 12.482   4.260  -1.296  -2.632   0.165  -2.347 4861
 12.531   4.277  -1.368  -2.975   0.167  -2.350 4881
 12.596   4.292  -1.345  -3.175   0.184  -2.360 4901
 12.650   4.309  -1.730  -3.015   0.179  -2.363 4921
 12.705   4.327  -1.574  -2.784   0.180  -2.358 4941
 12.760   4.339  -1.791  -3.417   0.173  -2.379 4961
 12.809   4.358  -1.663  -2.879   0.166  -2.375 4981
 12.860   4.379  -1.493  -2.299   0.166  -2.352 5001
 12.908   4.402  -1.661  -2.753   0.158  -2.342 5021
 12.960   4.420  -1.408  -2.774   0.161  -2.338 5041
 13.009   4.444  -1.266  -2.856   0.166  -2.330 5061
 13.058   4.469  -1.341  -2.558   0.168  -2.313 5081
 13.110   4.483  -1.278  -3.113   0.175  -2.323 5101
 13.168   4.504  -1.940  -3.554   0.168  -2.340 5121
 13.208   4.523  -1.660  -2.913   0.152  -2.338 5141
 13.262   4.551  -1.338  -3.483   0.160  -2.345 5161
 13.296   4.577  -1.786  -2.800   0.134  -2.334 5181
 13.349   4.588  -1.699  -2.870   0.131  -2.339 5201
 13.405   4.599  -1.662  -3.079   0.131  -2.351 5221
 13.451   4.623  -1.625  -2.599   0.123  -2.335 5241
 13.467   4.648  -1.335  -3.032   0.095  -2.332 5261
 13.511   4.668  -1.245  -2.449   0.098  -2.316 5281
 13.570   4.694  -1.454  -2.826   0.108  -2.306 5301
 13.622   4.705  -1.224  -2.773   0.119  -2.309 5321
 13.660   4.717  -1.631  -2.934   0.103  -2.317 5341
 13.710   4.745  -1.208  -2.736   0.112  -2.302 5361
 13.730   4.777  -1.458  -2.713   0.084  -2.283 5381
 13.765   4.795  -1.420  -2.919   0.073  -2.285 5401
 13.814   4.819  -1.451  -2.941   0.075  -2.281 5421
 13.871   4.833  -1.301  -3.047   0.089  -2.291 5441
 13.927   4.854  -1.324  -2.646   0.101  -2.281 5461
 13.972   4.879  -0.769  -2.669   0.119  -2.268 5481
 14.020   4.897  -1.139  -3.252   0.127  -2.280 5501
 14.067   4.924  -1.584  -3.085   0.122  -2.278 5521
 14.123   4.946  -1.426  -2.606   0.130  -2.266 5541
 14.176   4.970  -1.487  -2.973   0.133  -2.264 5561
 14.228   4.992  -1.488  -2.373   0.134  -2.246 5581
 14.293   5.019  -1.734  -2.822   0.141  -2.237 5601
 14.328   5.030  -1.699  -2.870   0.120  -2.246 5621
 14.378   5.053  -1.534  -2.824   0.119  -2.241 5641
 14.426   5.078  -1.581  -2.836   0.114  -2.235 5661
 14.476   5.096  -1.334  -3.070   0.119  -2.242 5681
 14.535   5.110  -1.417  -2.630   0.130  -2.240 5701
 14.595   5.124  -1.296  -3.157   0.146  -2.254 5721
 14.636   5.149  -1.804  -3.004   0.127  -2.252 5741
 14.685   5.169  -1.487  -2.812   0.126  -2.250 5761
 14.745   5.177  -1.811  -2.856   0.126  -2.260 5781
 14.799   5.204  -1.497  -3.113   0.131  -2.260 5801
 14.846   5.226  -1.463  -3.045   0.128  -2.262 5821
 14.918   5.240  -1.504  -2.520   0.149  -2.256 5841
 14.960   5.261  -1.209  -3.140   0.149  -2.262 5861
 15.018   5.279  -1.330  -3.021   0.161  -2.267 5881
 15.074   5.292  -1.568  -2.973   0.163  -2.276 5901
 15.126   5.306  -1.585  -3.169   0.161  -2.289 5921
 15.176   5.321  -1.373  -2.945   0.164  -2.294 5941
 15.214   5.340  -1.963  -2.762   0.137  -2.290 5961
 15.259   5.355  -1.422  -2.680   0.133  -2.287 5981
 15.310   5.366  -1.539  -2.955   0.133  -2.296 6001
 15.372   5.386  -1.859  -2.949   0.133  -2.297 6021
 15.428   5.405  -1.264  -2.852   0.146  -2.294 6041
 15.466   5.435  -1.622  -2.998   0.129  -2.287 6061
 15.508   5.443  -1.578  -3.314   0.119  -2.310 6081
 15.555   5.456  -1.711  -2.444   0.110  -2.301 6101
 15.603   5.473  -1.619  -2.751   0.104  -2.299 6121
 15.652   5.489  -1.329  -2.698   0.109  -2.294 6141
 15.715   5.506  -1.863  -3.077   0.111  -2.302 6161
 15.772   5.527  -1.815  -2.983   0.109  -2.302 6181
 15.806   5.537  -1.620  -2.470   0.090  -2.297 6201
 15.852   5.571  -1.535  -2.987   0.086  -2.285 6221
 15.905   5.583  -1.859  -2.505   0.079  -2.280 6241
 15.953   5.589  -1.569  -2.774   0.076  -2.289 6261
 16.002   5.597  -1.582  -2.919   0.073  -2.300 6281
 16.057   5.607  -2.019  -2.262   0.064  -2.289 6301
 16.132   5.624  -1.134  -2.671   0.101  -2.284 6321
 16.169   5.631  -1.662  -2.877   0.083  -2.295 6341
 16.215   5.657  -1.600  -2.679   0.078  -2.281 6361
 16.260   5.669  -1.377  -2.834   0.078  -2.287 6381
 16.303   5.688  -1.874  -2.891   0.061  -2.286 6401
 16.363   5.704  -1.706  -2.680   0.066  -2.283 6421
 16.390   5.732  -1.411  -3.142   0.048  -2.281 6441
 16.442   5.753  -1.542  -2.879   0.050  -2.279 6461
 16.491   5.774  -1.575  -2.947   0.049  -2.279 6481
 16.551   5.788  -1.340  -2.597   0.066  -2.275 6501
 16.624   5.789  -1.483  -2.644   0.090  -2.284 6521
 16.677   5.804  -1.282  -3.362   0.101  -2.302 6541
 16.733   5.823  -1.047  -2.537   0.120  -2.291 6561
 16.793   5.842  -1.823  -2.915   0.121  -2.291 6581
 16.839   5.863  -1.693  -3.021   0.111  -2.292 6601
 16.898   5.880  -1.786  -2.759   0.111  -2.290 6621
 16.948   5.897  -1.097  -3.126   0.124  -2.299 6641
 16.995   5.916  -1.813  -2.416   0.110  -2.283 6661
 17.048   5.933  -1.694  -2.621   0.108  -2.277 6681
 17.094   5.953  -1.818  -3.269   0.095  -2.288 6701
 17.139   5.972  -1.332  -2.784   0.096  -2.284 6721
 17.179   5.988  -1.342  -2.925   0.092  -2.288 6741
 17.234   5.998  -1.457  -2.671   0.098  -2.290 6761
 17.279   6.017  -1.251  -2.782   0.101  -2.286 6781
 17.329   6.047  -1.931  -2.814   0.089  -2.273 6801
 17.375   6.070  -1.410  -3.059   0.089  -2.274 6821
 17.429   6.097  -1.092  -2.749   0.105  -2.262 6841
 17.489   6.108  -1.331  -3.225   0.121  -2.280 6861
 17.542   6.126  -1.615  -3.066   0.120  -2.286 6881
 17.591   6.152  -1.462  -3.043   0.120  -2.284 6901
 17.623   6.173  -1.676  -2.942   0.098  -2.284 6921
 17.674   6.185  -1.834  -3.218   0.088  -2.299 6941
 17.731   6.206  -1.534  -3.508   0.095  -2.315 6961
 17.788   6.230  -1.555  -2.944   0.102  -2.311 6981
 17.843   6.251  -1.212  -2.746   0.115  -2.304 7001
 17.888   6.292  -1.612  -2.820   0.107  -2.280 7021
 17.944   6.320  -1.695  -3.026   0.107  -2.275 7041
 17.984   6.343  -1.686  -2.808   0.093  -2.268 7061
 18.038   6.356  -1.736  -3.428   0.089  -2.291 7081
 18.082   6.377  -1.377  -2.996   0.089  -2.291 7101
 18.133   6.398  -1.654  -2.540   0.085  -2.278 7121
 18.176   6.425  -1.731  -3.057   0.073  -2.276 7141
 18.206   6.444  -1.447  -2.331   0.056  -2.259 7161
 18.243   6.474  -1.559  -2.677   0.044  -2.243 7181
 18.290   6.499  -1.802  -2.922   0.034  -2.239 7201
 18.346   6.516  -1.607  -2.810   0.039  -2.239 7221
 18.396   6.530  -1.574  -3.106   0.039  -2.252 7241
 18.445   6.556  -1.537  -2.830   0.039  -2.243 7261
 18.504   6.572  -1.426  -3.094   0.053  -2.254 7281
 18.553   6.581  -1.285  -2.928   0.060  -2.265 7301
 18.598   6.604  -1.245  -2.850   0.064  -2.261 7321
 18.640   6.621  -1.466  -2.970   0.059  -2.266 7341
 18.701   6.629  -1.703  -3.240   0.066  -2.287 7361
 18.771   6.626  -1.772  -2.818   0.079  -2.305 7381
 18.836   6.642  -1.882  -2.699   0.082  -2.302 7401
 18.892   6.658  -1.732  -3.140   0.082  -2.311 7421
 18.927   6.679  -1.654  -2.701   0.064  -2.302 7441
 18.984   6.692  -1.363  -2.684   0.077  -2.302 7461
 19.039   6.707  -1.511  -2.938   0.082  -2.306 7481
 19.089   6.726  -1.526  -3.091   0.083  -2.312 7501
 19.151   6.752  -1.219  -2.842   0.104  -2.302 7521
 19.195   6.775  -1.500  -2.755   0.099  -2.294 7541
 19.256   6.796  -1.295  -2.830   0.116  -2.289 7561
 19.296   6.832  -1.657  -3.110   0.102  -2.279 7581
 19.347   6.852  -1.706  -3.085   0.096  -2.284 7601
 19.410   6.867  -1.771  -2.656   0.102  -2.280 7621
 19.468   6.887  -1.654  -2.862   0.106  -2.279 7641
 19.512   6.910  -1.452  -2.862   0.101  -2.273 7661
 19.561   6.927  -1.339  -3.121   0.106  -2.282 7681
 19.610   6.944  -1.210  -3.747   0.114  -2.310 7701
 19.669   6.962  -1.780  -3.032   0.114  -2.314 7721
 19.716   6.976  -1.885  -3.486   0.100  -2.335 7741
 19.768   6.994  -1.409  -3.137   0.105  -2.342 7761
 19.821   7.006  -1.546  -2.968   0.107  -2.350 7781
 19.869   7.029  -1.650  -2.776   0.101  -2.339 7801
 19.939   7.034  -1.293  -2.866   0.127  -2.351 7821
 20.000   7.042  -1.641  -3.000   0.133  -2.362 7841
 20.062   7.056  -1.045  -2.612   0.158  -2.356 7861
 20.111   7.081  -1.532  -3.262   0.155  -2.359 7881
 20.164   7.105  -1.497  -2.992   0.157  -2.355 7901
 20.215   7.120  -1.968  -3.051   0.142  -2.361 7921
 20.272   7.133  -1.291  -3.184   0.155  -2.373 7941
 20.334   7.139  -1.537  -3.274   0.164  -2.395 7961
 20.385   7.151  -1.574  -2.864   0.162  -2.397 7981
 20.464   7.158  -1.448  -3.015   0.189  -2.409 8001
 20.527   7.167  -1.822  -2.994   0.190  -2.418 8021
 20.586   7.174  -1.099  -3.092   0.209  -2.431 8041
 20.647   7.197  -1.378  -2.674   0.221  -2.416 8061
 20.684   7.221  -1.336  -2.671   0.209  -2.400 8081
 20.730   7.239  -1.331  -2.782   0.208  -2.394 8101
 20.783   7.249  -1.659  -3.113   0.203  -2.406 8121
 20.833   7.258  -1.619  -2.751   0.198  -2.408 8141
 20.892   7.274  -1.818  -3.269   0.194  -2.418 8161
 20.944   7.294  -1.333  -2.866   0.199  -2.412 8181
 20.992   7.323  -1.857  -3.106   0.183  -2.405 8201
 21.069   7.344  -1.368  -2.694   0.211  -2.393 8221
 21.111   7.365  -1.625  -3.004   0.197  -2.391 8241
 21.171   7.378  -1.332  -3.106   0.210  -2.400 8261
 21.227   7.395  -1.582  -2.879   0.210  -2.398 8281
 21.301   7.407  -1.258  -3.324   0.238  -2.414 8301
 21.367   7.417  -1.492  -3.383   0.250  -2.433 8321
 21.420   7.433  -1.691  -2.213   0.243  -2.412 8341
 21.476   7.454  -1.529  -3.215   0.245  -2.415 8361
 21.525   7.476  -1.569  -3.015   0.238  -2.412 8381
 21.585   7.487  -1.649  -2.573   0.239  -2.406 8401
 21.633   7.505  -1.784  -2.917   0.225  -2.403 8421
 21.721   7.512  -1.365  -2.568   0.263  -2.402 8441
 21.766   7.521  -1.657  -2.949   0.249  -2.410 8461
 21.802   7.531  -1.890  -3.175   0.220  -2.423 8481
 21.869   7.545  -1.820  -2.992   0.224  -2.427 8501
 21.916   7.557  -1.547  -3.417   0.215  -2.444 8521
 21.986   7.571  -1.940  -3.312   0.219  -2.457 8541
 22.016   7.591  -1.616  -2.947   0.194  -2.452 8561
 22.102   7.601  -1.610  -2.696   0.222  -2.450 8581
 22.159   7.615  -1.573  -3.184   0.224  -2.459 8601
 22.208   7.634  -1.775  -3.023   0.212  -2.457 8621
 22.249   7.641  -1.418  -2.753   0.202  -2.459 8641
 22.287   7.671  -1.454  -2.705   0.189  -2.438 8661
 22.361   7.680  -1.824  -3.079   0.201  -2.447 8681
 22.404   7.707  -1.492  -3.463   0.192  -2.452 8701
 22.460   7.729  -1.525  -3.089   0.195  -2.449 8721
 22.499   7.752  -1.462  -2.516   0.183  -2.430 8741
 22.558   7.760  -1.584  -3.207   0.187  -2.445 8761
 22.621   7.778  -1.661  -2.996   0.193  -2.444 8781
 22.676   7.792  -1.525  -3.329   0.194  -2.457 8801
 22.725   7.818  -1.705  -2.719   0.185  -2.440 8821
 22.770   7.836  -1.661  -2.875   0.173  -2.435 8841
 22.821   7.851  -1.172  -2.344   0.183  -2.418 8861
 22.875   7.871  -1.213  -3.070   0.192  -2.418 8881
 22.925   7.888  -1.701  -2.875   0.185  -2.416 8901
 22.971   7.907  -1.185  -3.184   0.188  -2.420 8921
 23.027   7.935  -1.412  -2.661   0.195  -2.400 8941
 23.079   7.944  -1.417  -3.115   0.197  -2.413 8961
 23.128   7.976  -1.626  -2.925   0.189  -2.397 8981
 23.184   7.990  -1.623  -3.162   0.189  -2.407 9001
 23.230   7.998  -1.615  -3.026   0.180  -2.417 9021
 23.274   8.011  -1.458  -2.753   0.173  -2.415 9041
 23.318   8.026  -1.774  -2.941   0.158  -2.416 9061
 23.369   8.037  -1.543  -3.326   0.156  -2.432 9081
 23.416   8.047  -1.540  -2.553   0.151  -2.426 9101
 23.446   8.060  -1.840  -2.983   0.120  -2.431 9121
 23.500   8.072  -1.216  -2.877   0.133  -2.432 9141
 23.575   8.077  -1.385  -2.810   0.159  -2.439 9161
 23.642   8.105  -1.294  -3.030   0.181  -2.430 9181
 23.699   8.117  -1.450  -2.497   0.188  -2.419 9201
 23.740   8.134  -1.382  -2.763   0.180  -2.414 9221
 23.806   8.148  -1.607  -3.211   0.190  -2.424 9241
 23.860   8.168  -1.564  -3.086   0.190  -2.425 9261
 23.918   8.184  -1.744  -3.000   0.188  -2.426 9281
 23.969   8.198  -1.375  -2.628   0.191  -2.418 9301
 24.039   8.211  -1.501  -2.838   0.209  -2.419 9321
 24.090   8.228  -1.462  -2.962   0.207  -2.419 9341
 24.144   8.233  -1.457  -3.034   0.210  -2.432 9361
 24.191   8.242  -1.827  -3.326   0.194  -2.450 9381
 24.231   8.261  -1.306  -3.058   0.188  -2.449 9401
 24.297   8.285  -1.500  -2.553   0.202  -2.429 9421
 24.353   8.306  -1.342  -2.966   0.210  -2.425 9441
 24.406   8.327  -1.446  -3.091   0.212  -2.425 9461
 24.445   8.357  -1.579  -3.236   0.196  -2.421 9481
 24.494   8.375  -1.498  -2.711   0.193  -2.412 9501
 24.538   8.401  -1.550  -2.936   0.182  -2.402 9521
 24.585   8.415  -1.746  -2.962   0.171  -2.405 9541
 24.646   8.438  -1.375  -2.949   0.183  -2.399 9561
 24.702   8.443  -1.259  -3.002   0.194  -2.412 9581
 24.753   8.466  -1.606  -2.648   0.190  -2.397 9601
 24.794   8.485  -1.495  -2.907   0.179  -2.394 9621
 24.853   8.501  -1.606  -2.888   0.182  -2.394 9641
 24.917   8.523  -1.349  -3.146   0.199  -2.394 9661
 24.980   8.546  -2.055  -2.539   0.192  -2.377 9681
 25.026   8.568  -1.596  -2.985   0.184  -2.374 9701
 25.075   8.582  -1.499  -2.794   0.181  -2.373 9721
 25.133   8.597  -1.626  -2.885   0.182  -2.373 9741
 25.190   8.617  -1.692  -3.421   0.182  -2.385 9761
 25.232   8.637  -1.172  -2.866   0.182  -2.381 9781
 25.281   8.660  -1.454  -2.705   0.180  -2.367 9801
 25.333   8.690  -1.331  -2.540   0.185  -2.344 9821
 25.390   8.702  -1.181  -2.889   0.200  -2.348 9841
 25.451   8.707  -1.485  -2.768   0.208  -2.357 9861
 25.509   8.723  -1.941  -2.628   0.200  -2.349 9881
 25.560   8.743  -1.411  -2.740   0.201  -2.341 9901
 25.612   8.761  -1.543  -3.124   0.199  -2.347 9921
 25.675   8.767  -1.462  -2.881   0.210  -2.358 9941
 25.726   8.786  -1.377  -2.592   0.213  -2.346 9961
 25.785   8.810  -1.526  -2.810   0.217  -2.337 9981
 25.847   8.827  -1.503  -3.004   0.226  -2.340 10001
 25.893   8.862  -1.368  -2.895   0.223  -2.323 10021
 25.939   8.884  -1.324  -3.366   0.221  -2.333 10041
 25.998   8.903  -1.540  -2.634   0.225  -2.324 10061
 26.041   8.924  -1.372  -2.742   0.219  -2.316 10081
 26.093   8.942  -1.733  -2.780   0.211  -2.312 10101
 26.148   8.966  -1.459  -3.564   0.214  -2.327 10121
 26.177   8.985  -2.351  -3.725   0.166  -2.350 10141
 26.219   8.994  -1.832  -2.442   0.146  -2.344 10161
 26.275   9.005  -1.453  -3.066   0.153  -2.355 10181
 26.323   9.030  -1.594  -2.550   0.146  -2.337 10201
 26.383   9.065  -1.540  -3.281   0.154  -2.331 10221
 26.442   9.083  -1.779  -2.868   0.153  -2.329 10241
 26.510   9.107  -1.532  -3.222   0.169  -2.333 10261
 26.559   9.131  -1.693  -2.619   0.161  -2.319 10281
 26.599   9.155  -2.055  -2.699   0.132  -2.307 10301
 26.642   9.184  -1.493  -2.420   0.126  -2.282 10321
 26.716   9.180  -1.656  -2.504   0.144  -2.293 10341
 26.792   9.191  -1.459  -2.796   0.170  -2.297 10361
 26.837   9.230  -1.548  -2.484   0.161  -2.264 10381
 26.881   9.255  -1.467  -2.932   0.156  -2.260 10401
 26.923   9.288  -1.419  -2.998   0.150  -2.251 10421
 26.947   9.300  -1.572  -2.780   0.121  -2.254 10441
 27.003   9.316  -1.545  -3.006   0.125  -2.262 10461
 27.054   9.328  -1.303  -3.132   0.131  -2.276 10481
 27.101   9.358  -1.372  -3.345   0.132  -2.280 10501
 27.149   9.377  -2.192  -2.840   0.109  -2.277 10521
 27.203   9.394  -1.771  -3.258   0.105  -2.290 10541
 27.255   9.405  -1.582  -3.000   0.105  -2.301 10561
 27.310   9.426  -1.443  -2.884   0.112  -2.298 10581
 27.373   9.443  -1.657  -2.989   0.120  -2.302 10601
 27.429   9.461  -1.430  -3.021   0.127  -2.306 10621
 27.475   9.491  -1.460  -2.595   0.125  -2.287 10641
 27.534   9.514  -1.837  -2.978   0.123  -2.284 10661
 27.595   9.521  -1.720  -2.878   0.127  -2.295 10681
 27.639   9.542  -1.770  -2.814   0.112  -2.290 10701
 27.684   9.575  -1.811  -3.137   0.098  -2.285 10721
 27.719   9.597  -1.408  -2.734   0.087  -2.276 10741
 27.770   9.614  -1.429  -2.693   0.092  -2.273 10761
 27.824   9.632  -1.307  -2.612   0.101  -2.265 10781
 27.863   9.646  -1.538  -2.549   0.090  -2.260 10801
 27.898   9.673  -1.602  -3.082   0.073  -2.259 10821
 27.945   9.692  -1.169  -2.699   0.082  -2.253 10841
 27.983   9.723  -1.495  -2.947   0.072  -2.244 10861
 28.029   9.734  -1.503  -2.883   0.069  -2.252 10881
 28.084   9.754  -1.943  -3.074   0.062  -2.258 10901
 28.125   9.779  -1.732  -3.220   0.047  -2.262 10921
 28.179   9.793  -1.855  -2.701   0.043  -2.262 10941
 28.239   9.813  -1.789  -2.925   0.047  -2.263 10961
 28.273   9.838  -1.692  -2.738   0.027  -2.253 10981
 28.323   9.856  -1.169  -2.740   0.040  -2.250 11001
 28.377   9.869  -1.214  -3.193   0.054  -2.266 11021
 28.424   9.887  -1.625  -2.761   0.050  -2.263 11041
 28.465   9.895  -1.546  -2.968   0.041  -2.276 11061
 28.522   9.905  -1.705  -3.083   0.045  -2.291 11081
 28.573   9.926  -1.664  -3.002   0.042  -2.292 11101
 28.617   9.950  -1.374  -2.544   0.043  -2.276 11121
 28.675   9.967  -2.210  -3.053   0.031  -2.283 11141
 28.728   9.989  -1.879  -2.573   0.026  -2.270 11161
 28.788  10.011  -1.893  -2.537   0.027  -2.256 11181
 28.832  10.034  -1.782  -2.713   0.014  -2.248 11201
 28.883  10.053  -1.704  -2.757   0.013  -2.245 11221
 28.938  10.069  -1.481  -2.601   0.021  -2.240 11241
 28.980  10.088  -1.338  -3.079   0.021  -2.246 11261
 29.028  10.104  -1.592  -2.856   0.019  -2.250 11281
 29.079  10.119  -1.365  -2.808   0.028  -2.252 11301
 29.142  10.136  -1.833  -3.297   0.033  -2.267 11321
 29.187  10.153  -1.925  -3.086   0.018  -2.275 11341
 29.236  10.181  -1.449  -2.776   0.021  -2.263 11361
 29.299  10.193  -1.492  -3.061   0.037  -2.275 11381
 29.355  10.207  -1.737  -2.504   0.038  -2.268 11401
 29.393  10.223  -1.524  -3.045   0.028  -2.276 11421
 29.473  10.244  -1.577  -2.747   0.057  -2.270 11441
 29.529  10.270  -1.460  -3.081   0.066  -2.269 11461
 29.583  10.287  -1.129  -3.102   0.083  -2.277 11481
 29.627  10.310  -2.266  -2.913   0.055  -2.275 11501
 29.658  10.347  -1.416  -2.507   0.040  -2.245 11521
 29.715  10.359  -1.624  -2.719   0.046  -2.248 11541
 29.768  10.377  -1.455  -2.868   0.053  -2.249 11561
 29.821  10.396  -1.375  -2.788   0.061  -2.246 11581
 29.863  10.422  -1.744  -3.364   0.048  -2.255 11601
 29.915  10.434  -1.331  -2.782   0.057  -2.259 11621
 29.967  10.445  -2.207  -2.888   0.039  -2.267 11641
 30.026  10.468  -1.796  -3.467   0.041  -2.281 11661
 30.080  10.487  -1.562  -2.802   0.046  -2.278 11681
 30.138  10.513  -1.221  -2.848   0.064  -2.271 11701
 30.184  10.536  -1.639  -3.030   0.057  -2.270 11721
 30.230  10.557  -1.700  -3.155   0.050  -2.276 11741
 30.289  10.581  -1.465  -3.495   0.061  -2.290 11761
 30.339  10.580  -1.574  -2.381   0.061  -2.294 11781
 30.387  10.597  -1.657  -2.949   0.056  -2.297 11801
 30.432  10.619  -1.249  -2.899   0.060  -2.294 11821
 30.476  10.647  -1.698  -3.312   0.051  -2.297 11841
 30.521  10.667  -1.687  -2.690   0.042  -2.290 11861
 30.551  10.688  -0.981  -3.347   0.040  -2.301 11881
 30.597  10.711  -2.250  -2.933   0.016  -2.297 11901
 30.650  10.727  -1.581  -2.957   0.020  -2.302 11921
 30.699  10.745  -1.571  -2.818   0.019  -2.300 11941
 30.752  10.759  -1.770  -3.015   0.017  -2.308 11961
 30.803  10.780  -1.664  -2.232   0.016  -2.285 11981
 30.846  10.800  -1.898  -2.826   0.000  -2.282 12001
 30.895  10.821  -1.490  -2.778  -0.138   0.070 12021
 30.950  10.842  -1.291  -2.500  -0.124   0.084 12041
 31.003  10.864  -1.504  -3.209  -0.118   0.077 12061
 31.059  10.886  -1.080  -2.998  -0.097   0.077 12081
 31.113  10.905  -1.469  -2.976  -0.089   0.073 12101
 31.169  10.917  -1.409  -3.378  -0.078   0.053 12121
 31.217  10.937  -1.375  -2.304  -0.075   0.071 12141
 31.246  10.949  -1.620  -3.279  -0.098   0.053 12161
 31.295  10.965  -1.251  -3.066  -0.089   0.045 12181
 31.350  10.982  -1.919  -2.938  -0.095   0.042 12201
 31.402  11.004  -1.213  -2.788  -0.083   0.050 12221
 31.456  11.018  -1.734  -3.104  -0.083   0.039 12241
 31.512  11.047  -1.900  -2.425  -0.088   0.064 12261
 31.560  11.075  -1.946  -2.674  -0.102   0.079 12281
 31.588  11.091  -1.483  -3.084  -0.120   0.070 12301
 31.630  11.112  -1.663  -3.202  -0.130   0.062 12321
 31.671  11.140  -1.540  -3.038  -0.137   0.067 12341
 31.721  11.164  -1.941  -2.709  -0.147   0.077 12361
 31.770  11.183  -1.785  -2.636  -0.152   0.085 12381
 31.827  11.194  -1.760  -3.477  -0.149   0.060 12401
 31.874  11.213  -1.986  -3.079  -0.164   0.054 12421
 31.920  11.234  -1.537  -3.113  -0.164   0.049 12441
 31.963  11.256  -1.345  -2.972  -0.162   0.051 12461
 32.008  11.273  -1.406  -2.650  -0.160   0.057 12481
 32.061  11.291  -1.694  -2.983  -0.159   0.053 12501
 32.119  11.309  -1.570  -2.816  -0.150   0.055 12521
 32.155  11.330  -1.758  -3.024  -0.167   0.054 12541
 32.190  11.341  -1.619  -2.792  -0.181   0.050 12561
 32.264  11.351  -1.738  -2.868  -0.160   0.042 12581
 32.309  11.376  -1.568  -2.852  -0.163   0.050 12601
 32.341  11.385  -1.706  -3.247  -0.182   0.030 12621
 32.380  11.404  -1.892  -2.575  -0.199   0.041 12641
 32.424  11.420  -1.412  -3.144  -0.198   0.031 12661
 32.478  11.432  -1.476  -2.991  -0.188   0.023 12681
 32.513  11.441  -1.669  -2.889  -0.202   0.014 12701
 32.558  11.452  -2.021  -2.909  -0.218   0.008 12721
 32.610  11.470  -2.097  -3.144  -0.228   0.001 12741
 32.665  11.479  -1.680  -2.599  -0.223   0.002 12761
 32.711  11.497  -1.215  -3.117  -0.212  -0.004 12781
 32.768  11.516  -1.416  -2.426  -0.197   0.013 12801
 32.819  11.537  -1.611  -2.698  -0.194   0.022 12821
 32.889  11.537  -1.582  -2.960  -0.172   0.003 12841
 32.952  11.564  -1.403  -3.324  -0.152  -0.000 12861
 33.001  11.577  -1.501  -2.757  -0.150  -0.000 12881
 33.044  11.599  -1.769  -2.933  -0.160   0.004 12901
 33.090  11.613  -1.140  -3.132  -0.149  -0.006 12921
 33.142  11.637  -1.575  -2.826  -0.146   0.003 12941
 33.198  11.652  -1.289  -2.979  -0.130  -0.002 12961
 33.237  11.693  -1.535  -3.108  -0.138   0.015 12981
 33.297  11.710  -1.535  -2.826  -0.126   0.016 13001
 33.346  11.731  -1.306  -2.529  -0.118   0.031 13021
 33.397  11.761  -1.785  -3.283  -0.124   0.032 13041
 33.439  11.794  -1.831  -3.211  -0.138   0.036 13061
 33.498  11.819  -1.320  -2.559  -0.121   0.053 13081
 33.554  11.833  -1.857  -3.227  -0.123   0.039 13101
 33.587  11.844  -1.650  -3.057  -0.140   0.027 13121
 33.652  11.858  -1.085  -3.053  -0.111   0.019 13141
 33.710  11.875  -0.768  -2.705  -0.077   0.024 13161
 33.761  11.896  -1.379  -2.798  -0.072   0.030 13181
 33.800  11.918  -1.177  -3.488  -0.071   0.016 13201
 33.843  11.949  -1.695  -2.421  -0.082   0.044 13221
 33.897  11.971  -1.345  -2.608  -0.073   0.056 13241
 33.955  11.985  -1.664  -3.124  -0.068   0.045 13261
 34.003  11.998  -1.863  -2.875  -0.080   0.040 13281
 34.065  12.012  -2.015  -3.504  -0.082   0.017 13301
 34.114  12.030  -1.366  -2.570  -0.077   0.028 13321
 34.184  12.057  -1.341  -2.599  -0.052   0.045 13341
 34.238  12.074  -1.130  -2.784  -0.035   0.047 13361
 34.291  12.086  -1.725  -3.326  -0.038   0.029 13381
 34.339  12.104  -1.324  -2.806  -0.035   0.032 13401
 34.375  12.137  -1.654  -2.742  -0.053   0.050 13421
 34.427  12.149  -1.543  -2.800  -0.051   0.047 13441
 34.472  12.165  -1.704  -2.879  -0.062   0.045 13461
 34.532  12.181  -1.534  -2.784  -0.052   0.047 13481
 34.585  12.195  -1.659  -2.911  -0.052   0.042 13501
 34.640  12.209  -1.500  -3.160  -0.047   0.030 13521
 34.692  12.236  -1.261  -3.090  -0.038   0.032 13541
 34.737  12.253  -1.414  -2.584  -0.040   0.041 13561
 34.779  12.270  -1.455  -2.626  -0.046   0.047 13581
 34.830  12.291  -1.132  -2.828  -0.032   0.052 13601
 34.861  12.313  -1.900  -3.393  -0.063   0.041 13621
 34.909  12.333  -1.921  -2.761  -0.076   0.046 13641
 34.962  12.345  -1.487  -2.812  -0.071   0.043 13661
 34.998  12.370  -1.259  -2.719  -0.076   0.055 13681
 35.026  12.404  -1.610  -2.977  -0.099   0.067 13701
 35.077  12.415  -1.482  -3.122  -0.096   0.053 13721
 35.117  12.429  -1.424  -3.090  -0.101   0.042 13741
 35.165  12.450  -1.266  -3.101  -0.094   0.039 13761
 35.215  12.464  -1.746  -2.800  -0.098   0.038 13781
 35.267  12.478  -1.530  -2.736  -0.095   0.038 13801
 35.320  12.495  -1.330  -2.941  -0.085   0.036 13821
 35.351  12.526  -1.179  -3.047  -0.092   0.043 13841
 35.385  12.540  -1.338  -3.160  -0.101   0.031 13861
 35.434  12.548  -1.569  -3.055  -0.102   0.017 13881
 35.495  12.562  -1.777  -2.665  -0.097   0.021 13901
 35.536  12.580  -1.819  -2.949  -0.113   0.020 13921
 35.579  12.593  -1.913  -2.889  -0.129   0.015 13941
 35.633  12.608  -1.492  -2.981  -0.123   0.011 13961
 35.683  12.627  -1.535  -2.866  -0.121   0.012 13981
 35.721  12.645  -1.762  -2.907  -0.137   0.013 14001
 35.761  12.663  -1.614  -3.023  -0.147   0.010 14021
 35.819  12.677  -1.163  -2.964  -0.126   0.005 14041
 35.872  12.694  -1.453  -2.542  -0.118   0.015 14061
 35.906  12.705  -1.338  -2.553  -0.126   0.019 14081
 35.960  12.729  -1.578  -3.072  -0.121   0.020 14101
 36.008  12.751  -1.376  -3.196  -0.117   0.016 14121
 36.075  12.765  -1.849  -2.291  -0.108   0.030 14141
 36.110  12.786  -1.524  -2.686  -0.121   0.040 14161
 36.160  12.800  -1.777  -3.229  -0.126   0.026 14181
 36.219  12.816  -1.656  -2.544  -0.119   0.034 14201
 36.272  12.837  -1.653  -3.262  -0.117   0.026 14221
 36.326  12.867  -1.832  -2.970  -0.121   0.036 14241
 36.372  12.887  -1.507  -2.728  -0.122   0.043 14261
 36.426  12.905  -1.649  -2.533  -0.120   0.053 14281
 36.468  12.925  -1.896  -3.184  -0.136   0.046 14301
 36.524  12.942  -1.377  -2.955  -0.123   0.042 14321
 36.565  12.953  -1.969  -2.491  -0.144   0.048 14341
 36.618  12.967  -1.747  -3.166  -0.144   0.035 14361
 36.657  12.981  -1.742  -3.157  -0.159   0.023 14381
 36.719  13.005  -1.610  -2.816  -0.147   0.032 14401
 36.771  13.020  -1.179  -3.290  -0.132   0.017 14421
 36.823  13.038  -1.628  -3.335  -0.130   0.005 14441
 36.887  13.045  -1.499  -2.794  -0.113  -0.002 14461
 36.942  13.069  -1.771  -2.856  -0.114   0.006 14481
 36.988  13.096  -1.362  -2.762  -0.111   0.019 14501
 37.038  13.101  -1.633  -2.286  -0.112   0.026 14521
 37.089  13.117  -1.572  -3.262  -0.111   0.012 14541
 37.150  13.135  -1.741  -2.832  -0.105   0.015 14561
 37.196  13.152  -1.853  -2.899  -0.116   0.014 14581
 37.245  13.171  -1.974  -2.818  -0.129   0.019 14601
 37.282  13.201  -1.789  -3.047  -0.148   0.026 14621
 37.336  13.212  -1.533  -3.023  -0.140   0.016 14641
 37.398  13.223  -1.581  -2.998  -0.128   0.007 14661
 37.443  13.238  -1.571  -3.140  -0.132  -0.003 14681
 37.509  13.241  -1.663  -2.919  -0.119  -0.017 14701
 37.566  13.259  -1.780  -2.749  -0.117  -0.011 14721
 37.612  13.273  -1.985  -3.036  -0.132  -0.018 14741
 37.667  13.310  -2.451  -2.532  -0.153   0.013 14761
 37.737  13.322  -1.820  -3.113  -0.140   0.002 14781
 37.786  13.341  -1.209  -2.818  -0.128   0.005 14801
 37.829  13.352  -1.385  -2.850  -0.128   0.001 14821
 37.880  13.370  -1.667  -3.250  -0.130  -0.009 14841
 37.916  13.385  -1.614  -2.621  -0.143  -0.002 14861
 37.973  13.391  -1.368  -2.694  -0.128  -0.007 14881
 38.008  13.413  -1.580  -2.875  -0.142  -0.001 14901
 38.074  13.432  -1.410  -3.180  -0.121  -0.008 14921
 38.130  13.446  -1.744  -3.202  -0.119  -0.020 14941
 38.167  13.467  -1.615  -3.307  -0.133  -0.028 14961
 38.228  13.472  -1.628  -3.335  -0.122  -0.051 14981
 38.283  13.500  -1.710  -3.335  -0.121  -0.052 15001
 38.337  13.509  -1.786  -2.557  -0.123  -0.049 15021
 38.386  13.524  -1.689  -2.814  -0.126  -0.046 15041
 38.442  13.534  -1.422  -3.288  -0.115  -0.064 15061
 38.491  13.553  -1.562  -2.443  -0.115  -0.046 15081
 38.539  13.565  -1.377  -3.036  -0.111  -0.054 15101
 38.578  13.584  -1.979  -2.746  -0.133  -0.045 15121
 38.648  13.588  -1.570  -2.736  -0.113  -0.052 15141
 38.700  13.615  -1.622  -3.079  -0.112  -0.046 15161
 38.756  13.626  -1.505  -3.211  -0.104  -0.060 15181
 38.806  13.643  -1.648  -2.732  -0.105  -0.053 15201
 38.854  13.660  -1.374  -2.866  -0.101  -0.051 15221
 38.907  13.685  -1.626  -3.128  -0.100  -0.048 15241
 38.966  13.705  -1.507  -2.891  -0.089  -0.044 15261
 39.016  13.728  -1.499  -2.875  -0.087  -0.036 15281
 39.074  13.740  -1.655  -2.864  -0.083  -0.039 15301
 39.124  13.752  -1.221  -3.132  -0.072  -0.049 15321
 39.166  13.772  -1.862  -2.953  -0.089  -0.047 15341
 39.222  13.793  -1.889  -2.812  -0.093  -0.039 15361
 39.268  13.828  -2.175  -3.180  -0.115  -0.029 15381
 39.320  13.845  -1.407  -2.732  -0.108  -0.024 15401
 39.366  13.867  -1.819  -2.989  -0.119  -0.020 15421
 39.420  13.875  -1.172  -3.108  -0.103  -0.035 15441
 39.473  13.875  -1.700  -3.236  -0.103  -0.060 15461
 39.526  13.901  -1.504  -3.574  -0.098  -0.071 15481
 39.586  13.922  -1.693  -2.820  -0.092  -0.062 15501
 39.635  13.940  -1.697  -2.826  -0.096  -0.057 15521
 39.695  13.955  -1.499  -2.753  -0.084  -0.053 15541
 39.784  13.966  -1.607  -3.051  -0.049  -0.061 15561
 39.835  13.985  -1.827  -3.002  -0.056  -0.062 15581
 39.873  14.006  -1.770  -3.376  -0.075  -0.070 15601
 39.919  14.014  -1.422  -3.045  -0.075  -0.081 15621
 39.973  14.035  -1.612  -2.820  -0.074  -0.072 15641
 40.017  14.048  -1.457  -2.872  -0.076  -0.074 15661
 40.055  14.073  -1.498  -2.792  -0.086  -0.060 15681
 40.113  14.090  -1.626  -3.087  -0.081  -0.065 15701
 40.157  14.109  -1.502  -3.043  -0.084  -0.064 15721
 40.205  14.129  -1.136  -2.838  -0.074  -0.058 15741
 40.257  14.147  -1.366  -3.211  -0.067  -0.065 15761
 40.316  14.169  -1.657  -2.667  -0.062  -0.051 15781
 40.384  14.176  -1.497  -3.153  -0.042  -0.067 15801
 40.440  14.192  -1.548  -3.378  -0.037  -0.081 15821
 40.491  14.204  -1.748  -2.844  -0.044  -0.081 15841
 40.548  14.217  -1.836  -3.017  -0.046  -0.086 15861
 40.587  14.251  -1.219  -3.085  -0.048  -0.073 15881
 40.621  14.283  -1.615  -2.663  -0.066  -0.049 15901
 40.675  14.294  -1.610  -2.776  -0.064  -0.050 15921
 40.715  14.336  -1.589  -3.175  -0.076  -0.033 15941
 40.772  14.346  -1.609  -2.935  -0.071  -0.040 15961
 40.818  14.361  -1.582  -2.919  -0.075  -0.041 15981
 40.869  14.375  -1.579  -2.953  -0.076  -0.044 16001
 40.927  14.391  -2.051  -2.734  -0.082  -0.039 16021
 40.981  14.409  -1.387  -2.569  -0.074  -0.027 16041
 41.017  14.445  -1.534  -3.106  -0.087  -0.014 16061
 41.062  14.462  -1.489  -2.776  -0.090  -0.010 16081
 41.107  14.479  -1.741  -2.590  -0.100  -0.001 16101
 41.156  14.500  -1.462  -2.881  -0.097   0.004 16121
 41.195  14.522  -2.073  -3.047  -0.123   0.004 16141
 41.254  14.538  -1.767  -2.730  -0.119   0.008 16161
 41.284  14.563  -1.615  -2.542  -0.139   0.026 16181
 41.342  14.582  -1.663  -2.879  -0.133   0.028 16201
 41.402  14.603  -1.693  -2.659  -0.126   0.038 16221
 41.457  14.623  -1.553  -3.021  -0.120   0.036 16241
 41.496  14.641  -1.570  -2.736  -0.129   0.041 16261
 41.534  14.657  -1.720  -2.864  -0.145   0.039 16281
 41.588  14.682  -1.453  -2.744  -0.135   0.050 16301
 41.651  14.706  -1.387  -3.383  -0.116   0.041 16321
 41.707  14.722  -1.421  -2.800  -0.105   0.042 16341
 41.762  14.742  -1.664  -3.002  -0.103   0.040 16361
 41.807  14.763  -1.094  -3.198  -0.093   0.034 16381
 41.853  14.785  -1.485  -3.169  -0.095   0.030 16401
 41.906  14.802  -1.577  -3.030  -0.092   0.025 16421
 41.944  14.822  -1.222  -3.175  -0.093   0.018 16441
 41.989  14.848  -1.453  -2.784  -0.095   0.031 16461
 42.036  14.878  -1.248  -3.258  -0.087   0.031 16481
 42.088  14.900  -1.615  -3.508  -0.087   0.017 16501
 42.144  14.920  -1.705  -2.962  -0.086   0.017 16521
 42.206  14.937  -1.051  -2.586  -0.059   0.025 16541
 42.249  14.955  -1.616  -2.907  -0.068   0.026 16561
 42.315  14.972  -1.337  -2.834  -0.046   0.026 16581
 42.375  14.990  -1.369  -2.696  -0.032   0.033 16601
 42.423  15.009  -1.538  -2.711  -0.035   0.040 16621
 42.473  15.025  -1.464  -2.885  -0.033   0.038 16641
 42.502  15.056  -2.364  -3.178  -0.079   0.041 16661
 42.558  15.074  -1.924  -3.191  -0.084   0.032 16681
 42.603  15.089  -1.670  -2.891  -0.093   0.030 16701
 42.661  15.110  -1.418  -3.682  -0.081   0.010 16721
 42.740  15.117  -1.640  -2.878  -0.055   0.000 16741
 42.792  15.138  -1.525  -2.768  -0.053   0.008 16761
 42.858  15.161  -1.475  -2.907  -0.036   0.012 16781
 42.901  15.191  -1.852  -2.736  -0.052   0.030 16801
 42.957  15.215  -1.335  -3.032  -0.041   0.032 16821
 43.013  15.233  -1.616  -2.463  -0.038   0.045 16841
 43.051  15.256  -1.833  -2.647  -0.059   0.057 16861
 43.089  15.275  -1.588  -2.645  -0.073   0.065 16881
 43.146  15.292  -1.417  -3.196  -0.062   0.054 16901
 43.191  15.309  -1.370  -3.099  -0.062   0.046 16921
 43.244  15.330  -1.386  -3.096  -0.054   0.042 16941
 43.286  15.352  -1.623  -3.485  -0.065   0.029 16961
 43.335  15.368  -1.486  -3.251  -0.064   0.016 16981
 43.377  15.387  -1.451  -2.981  -0.069   0.015 17001
 43.421  15.414  -1.463  -3.207  -0.073   0.015 17021
 43.450  15.427  -1.492  -2.820  -0.091   0.012 17041
 43.485  15.439  -1.985  -3.440  -0.118  -0.009 17061
 43.537  15.450  -1.627  -2.927  -0.118  -0.015 17081
 43.601  15.469  -1.649  -2.774  -0.105  -0.010 17101
 43.652  15.480  -1.221  -3.051  -0.094  -0.020 17121
 43.704  15.487  -1.419  -2.755  -0.088  -0.025 17141
 43.740  15.501  -1.896  -3.104  -0.111  -0.033 17161
 43.783  15.522  -1.617  -2.868  -0.118  -0.027 17181
 43.844  15.554  -1.746  -2.881  -0.113  -0.011 17201
 43.890  15.564  -1.827  -2.394  -0.124  -0.003 17221
 43.923  15.588  -1.896  -2.339  -0.149   0.021 17241
 43.979  15.603  -1.159  -2.996  -0.129   0.016 17261
 44.024  15.621  -1.492  -2.539  -0.131   0.027 17281
 44.069  15.634  -1.762  -3.242  -0.140   0.011 17301
 44.104  15.649  -1.732  -2.858  -0.158   0.011 17321
 44.159  15.673  -1.259  -2.680  -0.143   0.024 17341
 44.205  15.688  -1.555  -3.434  -0.144   0.005 17361
 44.254  15.704  -1.255  -2.711  -0.134   0.009 17381
 44.304  15.725  -1.889  -2.933  -0.142   0.012 17401
 44.362  15.743  -1.502  -2.962  -0.132   0.010 17421
 44.406  15.757  -1.421  -3.205  -0.131  -0.002 17441
 44.446  15.778  -1.591  -3.383  -0.141  -0.013 17461
 44.489  15.800  -1.862  -2.549  -0.155   0.003 17481
 44.530  15.819  -1.364  -2.806  -0.156   0.007 17501
 44.583  15.833  -1.372  -3.023  -0.145   0.000 17521
 44.625  15.841  -0.926  -2.897  -0.132  -0.008 17541
 44.672  15.859  -1.500  -3.281  -0.131  -0.018 17561
 44.735  15.870  -1.387  -3.586  -0.112  -0.044 17581
 44.797  15.884  -1.263  -2.566  -0.091  -0.036 17601
 44.863  15.898  -1.807  -3.200  -0.083  -0.047 17621
 44.916  15.910  -1.737  -2.907  -0.085  -0.051 17641
 44.958  15.932  -1.733  -3.584  -0.098  -0.065 17661
 45.007  15.963  -1.777  -2.866  -0.105  -0.049 17681
 45.035  15.977  -1.785  -3.000  -0.133  -0.053 17701
 45.091  15.995  -1.695  -3.227  -0.129  -0.061 17721
 45.147  16.012  -1.369  -3.298  -0.117  -0.071 17741
 45.207  16.034  -1.463  -2.964  -0.103  -0.066 17761
 45.251  16.062  -1.059  -2.848  -0.094  -0.052 17781
 45.298  16.082  -1.297  -2.917  -0.088  -0.048 17801
 45.351  16.100  -1.834  -2.649  -0.093  -0.038 17821
 45.406  16.106  -1.607  -3.011  -0.089  -0.051 17841
 45.472  16.118  -1.211  -2.784  -0.064  -0.051 17861
 45.557  16.129  -1.457  -3.317  -0.027  -0.067 17881
 45.601  16.142  -1.813  -2.657  -0.042  -0.063 17901
 45.647  16.163  -1.663  -2.960  -0.050  -0.059 17921
 45.703  16.170  -1.333  -2.786  -0.039  -0.063 17941
 45.783  16.187  -1.294  -2.667  -0.003  -0.055 17961
 45.836  16.199  -1.090  -3.066   0.011  -0.062 17981
 45.895  16.225  -1.581  -3.038   0.016  -0.057 18001
 45.945  16.250  -1.701  -3.400   0.010  -0.062 18021
 45.995  16.269  -1.498  -3.317   0.009  -0.070 18041
 46.067  16.289  -1.254  -2.467   0.036  -0.053 18061
 46.119  16.306  -0.931  -2.911   0.053  -0.052 18081
 46.205  16.321  -1.585  -3.331   0.084  -0.065 18101
 46.246  16.345  -1.539  -2.713   0.070  -0.051 18121
 46.292  16.372  -1.748  -2.763   0.056  -0.036 18141
 46.337  16.397  -1.761  -2.840   0.041  -0.025 18161
 46.389  16.422  -1.489  -3.017   0.041  -0.020 18181
 46.418  16.440  -1.539  -2.632   0.018  -0.011 18201
 46.462  16.456  -1.697  -2.746   0.005  -0.007 18221
 46.509  16.472  -2.035  -2.604  -0.015   0.002 18241
 46.555  16.495  -1.376  -3.115  -0.015   0.000 18261
 46.602  16.513  -1.615  -2.985  -0.022  -0.001 18281
 46.665  16.526  -1.649  -3.055  -0.014  -0.010 18301
 46.721  16.552  -1.209  -2.659  -0.000   0.006 18321
 46.785  16.570  -1.423  -3.047   0.015   0.003 18341
 46.842  16.596  -1.417  -3.196   0.024   0.002 18361
 46.880  16.618  -1.712  -2.730   0.004   0.012 18381
 46.931  16.632  -1.574  -2.462   0.002   0.022 18401
 46.984  16.647  -1.480  -2.759   0.004   0.024 18421
 47.037  16.659  -2.066  -2.713  -0.010   0.023 18441
 47.090  16.689  -1.622  -3.321  -0.011   0.023 18461
 47.143  16.710  -1.781  -3.438  -0.017   0.010 18481
 47.204  16.724  -1.137  -3.002   0.004   0.003 18501
 47.255  16.740  -1.534  -2.462   0.004   0.015 18521
 47.304  16.754  -1.499  -2.915   0.002   0.011 18541
 47.349  16.771  -1.834  -3.462  -0.014  -0.007 18561
 47.407  16.783  -1.590  -2.893  -0.010  -0.011 18581
 47.463  16.801  -1.350  -2.822  -0.000  -0.007 18601
 47.512  16.814  -1.734  -2.862  -0.009  -0.010 18621
 47.559  16.827  -1.415  -3.352  -0.009  -0.028 18641
 47.615  16.842  -1.784  -3.240  -0.012  -0.039 18661
 47.660  16.860  -1.610  -3.017  -0.021  -0.040 18681
 47.709  16.880  -1.739  -3.476  -0.029  -0.054 18701
 47.752  16.898  -1.584  -2.396  -0.038  -0.036 18721
 47.800  16.911  -1.570  -2.977  -0.042  -0.041 18741
