  0.070   0.007  -1.411  -1.975   0.026  -0.052 20
  0.129   0.029  -1.664  -1.830   0.032  -0.084 40
  0.178   0.048  -1.584  -1.950   0.031  -0.122 60
  0.224   0.062  -1.456  -2.144   0.031  -0.169 80
  0.287   0.067  -1.078  -2.235   0.059  -0.226 100
  0.354   0.080  -1.171  -2.058   0.087  -0.269 120
  0.402   0.104  -1.457  -1.862   0.087  -0.293 140
  0.469   0.118  -1.706  -1.544   0.099  -0.317 160
  0.521   0.127  -2.257  -1.653   0.078  -0.348 180
  0.573   0.150  -1.971  -2.373   0.067  -0.387 200
  0.627   0.162  -1.329  -1.611   0.078  -0.411 220
  0.682   0.186  -1.679  -1.719   0.078  -0.428 240
  0.749   0.195  -1.936  -1.533   0.083  -0.453 260
  0.808   0.210  -1.385  -1.996   0.096  -0.484 280
  0.858   0.228  -1.705  -1.867   0.091  -0.508 300
  0.909   0.249  -2.027  -1.500   0.076  -0.517 320
  0.970   0.263  -1.558  -1.638   0.087  -0.537 340
  1.009   0.290  -1.855  -1.372   0.067  -0.536 360
  1.064   0.307  -1.648  -2.130   0.068  -0.568 380
  1.116   0.323  -1.612  -2.539   0.068  -0.611 400
  1.165   0.342  -1.731  -1.771   0.062  -0.628 420
  1.231   0.350  -1.689  -1.770   0.073  -0.654 440
  1.302   0.365  -1.645  -2.166   0.091  -0.684 460
  1.371   0.381  -1.617  -1.940   0.106  -0.707 480
  1.429   0.396  -1.954  -1.913   0.101  -0.728 500
  1.476   0.403  -1.983  -2.105   0.083  -0.763 520
  1.530   0.413  -1.413  -2.260   0.092  -0.798 540
  1.593   0.428  -1.822  -1.943   0.095  -0.818 560
  1.655   0.438  -1.742  -2.308   0.100  -0.853 580
  1.736   0.455  -1.573  -2.218   0.128  -0.878 600
  1.795   0.470  -2.085  -1.404   0.119  -0.878 620
  1.837   0.480  -1.855  -1.976   0.101  -0.902 640
  1.900   0.483  -1.296  -2.228   0.120  -0.939 660
  1.964   0.498  -1.521  -1.761   0.133  -0.949 680
  2.022   0.512  -2.327  -2.247   0.115  -0.974 700
  2.076   0.526  -1.906  -2.109   0.107  -0.995 720
  2.149   0.531  -1.420  -1.542   0.132  -1.007 740
  2.216   0.535  -1.538  -1.943   0.147  -1.031 760
  2.279   0.546  -1.365  -1.606   0.163  -1.037 780
  2.335   0.563  -1.458  -2.066   0.169  -1.052 800
  2.394   0.594  -1.498  -1.660   0.176  -1.040 820
  2.456   0.612  -1.538  -1.902   0.184  -1.048 840
  2.512   0.623  -1.802  -1.722   0.179  -1.058 860
  2.572   0.637  -1.854  -2.297   0.176  -1.081 880
  2.635   0.657  -1.733  -1.774   0.180  -1.083 900
  2.710   0.682  -1.518  -1.877   0.202  -1.082 920
  2.759   0.696  -1.787  -1.950   0.190  -1.095 940
  2.824   0.708  -2.010  -2.371   0.187  -1.121 960
  2.883   0.725  -2.106  -2.147   0.175  -1.135 980
  2.947   0.732  -1.610  -2.495   0.184  -1.169 1000
  2.990   0.763  -1.852  -1.570   0.165  -1.152 1020
  3.049   0.780  -1.446  -2.048   0.174  -1.162 1040
  3.115   0.795  -1.610  -1.892   0.184  -1.169 1060
  3.170   0.808  -1.889  -1.849   0.175  -1.177 1080
  3.231   0.823  -1.950  -1.950   0.171  -1.186 1100
  3.297   0.840  -1.931  -1.890   0.171  -1.190 1120
  3.350   0.861  -1.528  -2.291   0.172  -1.203 1140
  3.406   0.888  -2.021  -2.707   0.161  -1.222 1160
  3.448   0.893  -1.819  -1.657   0.142  -1.230 1180
  3.504   0.916  -1.846  -1.886   0.137  -1.228 1200
  3.549   0.925  -1.892  -2.133   0.119  -1.246 1220
  3.602   0.944  -1.731  -1.932   0.115  -1.248 1240
  3.648   0.963  -1.369  -2.213   0.116  -1.258 1260
  3.692   0.990  -2.336  -1.853   0.084  -1.250 1280
  3.741   1.002  -2.074  -2.273   0.067  -1.269 1300
  3.795   1.018  -1.405  -2.287   0.076  -1.285 1320
  3.865   1.029  -1.577  -1.617   0.094  -1.284 1340
  3.920   1.044  -1.732  -2.175   0.092  -1.295 1360
  3.977   1.064  -1.371  -2.015   0.104  -1.298 1380
  4.040   1.079  -1.569  -1.770   0.115  -1.297 1400
  4.105   1.082  -1.534  -2.341   0.128  -1.326 1420
  4.164   1.100  -1.772  -1.933   0.128  -1.326 1440
  4.218   1.107  -1.741  -2.185   0.125  -1.345 1460
  4.280   1.121  -1.454  -2.100   0.137  -1.354 1480
  4.344   1.144  -1.418  -1.863   0.153  -1.348 1500
  4.410   1.154  -1.859  -2.546   0.157  -1.374 1520
  4.463   1.168  -1.571  -2.014   0.156  -1.380 1540
  4.519   1.187  -1.292  -2.179   0.167  -1.385 1560
  4.551   1.207  -2.005  -2.045   0.133  -1.386 1580
  4.605   1.218  -1.814  -1.975   0.126  -1.393 1600
  4.662   1.232  -1.406  -1.807   0.136  -1.391 1620
  4.735   1.232  -1.779  -2.061   0.149  -1.412 1640
  4.794   1.252  -1.495  -1.979   0.157  -1.410 1660
  4.852   1.267  -2.060  -1.979   0.148  -1.412 1680
  4.908   1.291  -1.709  -1.630   0.146  -1.395 1700
  4.963   1.315  -1.565  -1.927   0.148  -1.388 1720
  5.013   1.324  -1.725  -1.885   0.141  -1.393 1740
  5.071   1.336  -1.694  -1.614   0.141  -1.389 1760
  5.138   1.351  -1.135  -1.986   0.168  -1.392 1780
  5.198   1.361  -1.572  -1.894   0.174  -1.398 1800
  5.242   1.397  -1.570  -1.288   0.164  -1.359 1820
  5.293   1.404  -1.641  -2.321   0.160  -1.381 1840
  5.334   1.415  -1.533  -1.896   0.149  -1.386 1860
  5.396   1.404  -1.738  -2.102   0.152  -1.418 1880
  5.466   1.417  -1.880  -1.760   0.159  -1.416 1900
  5.520   1.434  -1.983  -2.105   0.147  -1.420 1920
  5.575   1.455  -1.450  -1.893   0.153  -1.414 1940
  5.629   1.471  -1.648  -1.688   0.151  -1.406 1960
  5.713   1.484  -1.375  -2.103   0.187  -1.415 1980
  5.769   1.505  -1.777  -1.858   0.183  -1.408 2000
  5.837   1.516  -1.736  -2.099   0.190  -1.418 2020
  5.898   1.537  -1.893  -1.933   0.187  -1.413 2040
  5.960   1.555  -1.379  -2.150   0.200  -1.417 2060
  6.024   1.583  -1.646  -2.207   0.207  -1.414 2080
  6.086   1.595  -1.176  -2.108   0.226  -1.424 2100
  6.140   1.609  -1.902  -1.943   0.215  -1.426 2120
  6.199   1.620  -1.928  -2.048   0.207  -1.434 2140
  6.265   1.635  -2.070  -1.989   0.203  -1.435 2160
  6.332   1.649  -1.375  -1.900   0.221  -1.436 2180
  6.406   1.660  -1.748  -2.195   0.234  -1.448 2200
  6.460   1.662  -1.502  -2.111   0.233  -1.466 2220
  6.514   1.674  -1.558  -1.997   0.232  -1.470 2240
  6.570   1.691  -1.689  -2.051   0.229  -1.471 2260
  6.615   1.709  -1.840  -1.960   0.210  -1.468 2280
  6.678   1.730  -1.079  -1.719   0.233  -1.455 2300
  6.733   1.758  -1.560  -2.359   0.232  -1.455 2320
  6.790   1.770  -1.525  -2.448   0.235  -1.474 2340
  6.846   1.788  -1.486  -2.169   0.238  -1.477 2360
  6.905   1.803  -1.656  -1.293   0.238  -1.457 2380
  6.966   1.813  -1.534  -2.179   0.245  -1.469 2400
  7.027   1.817  -1.805  -2.085   0.241  -1.483 2420
  7.078   1.827  -1.820  -2.103   0.230  -1.492 2440
  7.136   1.844  -1.879  -1.439   0.222  -1.474 2460
  7.189   1.861  -1.816  -1.574   0.213  -1.461 2480
  7.248   1.875  -2.100  -1.414   0.200  -1.446 2500
  7.297   1.893  -2.083  -2.163   0.179  -1.450 2520
  7.351   1.907  -1.561  -1.841   0.180  -1.448 2540
  7.402   1.928  -1.547  -1.791   0.177  -1.438 2560
  7.455   1.935  -1.456  -1.901   0.180  -1.445 2580
  7.503   1.956  -1.536  -1.698   0.175  -1.432 2600
  7.549   1.961  -1.698  -2.142   0.163  -1.448 2620
  7.606   1.975  -1.744  -1.785   0.162  -1.445 2640
  7.658   1.992  -1.606  -1.766   0.159  -1.438 2660
  7.717   1.996  -1.839  -1.799   0.156  -1.445 2680
  7.769   2.010  -1.655  -2.582   0.152  -1.465 2700
  7.829   2.029  -1.928  -2.129   0.148  -1.468 2720
  7.869   2.051  -1.251  -1.976   0.145  -1.461 2740
  7.911   2.066  -1.633  -1.470   0.133  -1.446 2760
  7.966   2.086  -1.747  -1.869   0.129  -1.440 2780
  8.039   2.097  -2.209  -1.767   0.130  -1.439 2800
  8.084   2.114  -1.425  -1.873   0.127  -1.436 2820
  8.137   2.128  -1.736  -2.220   0.122  -1.446 2840
  8.182   2.127  -1.809  -2.090   0.108  -1.466 2860
  8.226   2.143  -1.569  -2.051   0.101  -1.468 2880
  8.280   2.155  -1.646  -1.766   0.100  -1.466 2900
  8.352   2.183  -1.654  -1.734   0.118  -1.447 2920
  8.415   2.195  -1.571  -1.853   0.129  -1.447 2940
  8.457   2.209  -1.889  -1.728   0.109  -1.441 2960
  8.520   2.229  -1.900  -2.223   0.110  -1.446 2980
  8.590   2.220  -1.739  -1.901   0.122  -1.468 3000
  8.656   2.229  -1.866  -2.069   0.126  -1.478 3020
  8.729   2.241  -2.021  -1.657   0.132  -1.471 3040
  8.785   2.257  -1.606  -2.247   0.135  -1.479 3060
  8.835   2.276  -1.562  -2.043   0.133  -1.477 3080
  8.875   2.289  -1.371  -2.015   0.126  -1.481 3100
  8.932   2.313  -1.707  -1.951   0.126  -1.472 3120
  8.992   2.331  -1.986  -2.148   0.121  -1.475 3140
  9.055   2.338  -1.776  -1.857   0.125  -1.479 3160
  9.108   2.355  -1.863  -1.985   0.117  -1.478 3180
  9.173   2.370  -1.439  -2.038   0.133  -1.480 3200
  9.227   2.384  -1.890  -2.051   0.125  -1.484 3220
  9.282   2.390  -1.813  -1.692   0.120  -1.484 3240
  9.334   2.407  -1.638  -1.478   0.118  -1.468 3260
  9.384   2.425  -1.532  -2.217   0.117  -1.473 3280
  9.439   2.437  -1.615  -1.736   0.118  -1.468 3300
  9.491   2.450  -1.947  -1.825   0.106  -1.467 3320
  9.555   2.471  -1.822  -2.347   0.111  -1.473 3340
  9.611   2.489  -1.618  -1.982   0.114  -1.471 3360
  9.680   2.500  -1.707  -1.829   0.125  -1.470 3380
  9.737   2.516  -1.167  -2.012   0.142  -1.472 3400
  9.779   2.530  -2.198  -1.479   0.113  -1.458 3420
  9.824   2.549  -1.951  -2.154   0.094  -1.460 3440
  9.873   2.566  -1.493  -1.815   0.094  -1.455 3460
  9.923   2.580  -1.951  -2.235   0.082  -1.464 3480
  9.986   2.596  -1.863  -2.592   0.085  -1.483 3500
 10.045   2.614  -1.620  -1.580   0.090  -1.469 3520
 10.104   2.643  -1.894  -2.297   0.088  -1.465 3540
 10.163   2.666  -1.742  -2.268   0.090  -1.467 3560
 10.213   2.685  -1.539  -2.066   0.090  -1.466 3580
 10.266   2.701  -1.933  -2.175   0.081  -1.472 3600
 10.322   2.717  -1.728  -2.050   0.081  -1.474 3620
 10.373   2.745  -1.975  -1.894   0.068  -1.459 3640
 10.431   2.754  -1.859  -2.061   0.067  -1.469 3660
 10.478   2.766  -1.855  -1.815   0.055  -1.467 3680
 10.545   2.780  -1.774  -1.814   0.065  -1.464 3700
 10.608   2.800  -1.532  -2.015   0.078  -1.461 3720
 10.655   2.815  -1.610  -2.213   0.074  -1.469 3740
 10.707   2.831  -1.689  -1.730   0.071  -1.462 3760
 10.760   2.838  -1.645  -2.085   0.071  -1.474 3780
 10.822   2.857  -1.369  -2.213   0.088  -1.477 3800
 10.885   2.874  -1.771  -1.650   0.093  -1.466 3820
 10.947   2.890  -1.130  -1.816   0.116  -1.461 3840
 11.003   2.915  -1.573  -1.573   0.120  -1.440 3860
 11.060   2.922  -1.775  -1.734   0.119  -1.442 3880
 11.113   2.937  -1.661  -2.268   0.117  -1.452 3900
 11.175   2.953  -1.523  -1.443   0.127  -1.437 3920
 11.232   2.965  -1.747  -2.234   0.127  -1.449 3940
 11.285   2.981  -2.136  -2.458   0.111  -1.464 3960
 11.340   3.000  -1.742  -2.187   0.108  -1.467 3980
 11.382   3.013  -1.606  -2.127   0.097  -1.474 4000
 11.445   3.035  -1.697  -2.504   0.105  -1.483 4020
 11.494   3.051  -1.528  -1.889   0.103  -1.481 4040
 11.550   3.067  -1.703  -2.027   0.103  -1.481 4060
 11.599   3.080  -1.813  -1.732   0.093  -1.476 4080
 11.645   3.108  -1.652  -2.135   0.086  -1.469 4100
 11.707   3.122  -1.131  -2.181   0.109  -1.476 4120
 11.760   3.140  -1.844  -2.164   0.102  -1.479 4140
 11.813   3.161  -1.616  -2.141   0.102  -1.479 4160
 11.878   3.177  -1.524  -2.005   0.116  -1.480 4180
 11.941   3.192  -1.859  -2.061   0.118  -1.482 4200
 11.998   3.217  -1.776  -2.260   0.117  -1.481 4220
 12.068   3.217  -1.570  -1.691   0.134  -1.487 4240
 12.127   3.235  -1.337  -2.389   0.147  -1.497 4260
 12.179   3.254  -1.619  -2.105   0.144  -1.497 4280
 12.235   3.263  -1.896  -1.694   0.137  -1.494 4300
 12.303   3.276  -1.909  -2.153   0.142  -1.501 4320
 12.363   3.296  -1.584  -2.234   0.149  -1.504 4340
 12.415   3.307  -1.622  -1.743   0.146  -1.501 4360
 12.463   3.319  -1.463  -2.153   0.144  -1.508 4380
 12.508   3.332  -1.863  -1.985   0.127  -1.510 4400
 12.559   3.352  -1.863  -1.904   0.118  -1.503 4420
 12.620   3.361  -1.002  -1.764   0.143  -1.501 4440
 12.688   3.373  -2.313  -1.827   0.135  -1.500 4460
 12.747   3.381  -1.761  -1.441   0.136  -1.490 4480
 12.809   3.391  -1.614  -2.178   0.143  -1.501 4500
 12.860   3.402  -1.400  -2.279   0.147  -1.514 4520
 12.922   3.413  -1.892  -1.811   0.145  -1.512 4540
 12.974   3.429  -1.727  -1.486   0.139  -1.496 4560
 13.021   3.447  -1.703  -1.257   0.130  -1.471 4580
 13.082   3.448  -1.706  -1.909   0.134  -1.483 4600
 13.139   3.471  -1.884  -1.924   0.129  -1.475 4620
 13.198   3.482  -1.221  -2.035   0.145  -1.481 4640
 13.255   3.492  -1.419  -2.310   0.154  -1.496 4660
 13.296   3.510  -1.901  -2.184   0.132  -1.499 4680
 13.346   3.522  -2.271  -2.069   0.109  -1.504 4700
 13.402   3.536  -1.211  -1.897   0.123  -1.502 4720
 13.454   3.546  -1.532  -2.498   0.124  -1.522 4740
 13.513   3.571  -1.771  -1.932   0.124  -1.510 4760
 13.559   3.587  -1.205  -1.727   0.129  -1.502 4780
 13.611   3.594  -1.776  -2.099   0.122  -1.513 4800
 13.644   3.608  -1.743  -1.905   0.099  -1.511 4820
 13.702   3.622  -1.980  -1.617   0.092  -1.501 4840
 13.759   3.634  -1.620  -1.904   0.096  -1.501 4860
 13.818   3.648  -1.776  -1.615   0.097  -1.490 4880
 13.885   3.660  -1.720  -1.800   0.108  -1.489 4900
 13.938   3.678  -1.371  -2.458   0.115  -1.500 4920
 13.993   3.695  -2.141  -2.262   0.100  -1.507 4940
 14.060   3.702  -1.988  -1.947   0.103  -1.513 4960
 14.144   3.711  -1.519  -1.918   0.136  -1.516 4980
 14.203   3.721  -1.417  -2.226   0.146  -1.528 5000
 14.265   3.731  -1.889  -2.170   0.145  -1.537 5020
 14.336   3.738  -1.574  -1.816   0.163  -1.539 5040
 14.396   3.756  -1.606  -1.566   0.168  -1.522 5060
 14.448   3.777  -1.650  -2.334   0.164  -1.526 5080
 14.504   3.794  -1.374  -2.060   0.172  -1.526 5100
 14.550   3.809  -1.418  -2.066   0.169  -1.527 5120
 14.623   3.823  -1.363  -1.924   0.194  -1.525 5140
 14.680   3.829  -1.732  -1.933   0.192  -1.532 5160
 14.750   3.849  -1.499  -2.268   0.209  -1.535 5180
 14.811   3.864  -1.733  -1.693   0.209  -1.525 5200
 14.867   3.877  -1.726  -2.087   0.205  -1.530 5220
 14.928   3.888  -1.861  -1.537   0.203  -1.519 5240
 14.979   3.898  -1.501  -2.109   0.201  -1.527 5260
 15.051   3.919  -2.220  -2.139   0.199  -1.525 5280
 15.098   3.944  -1.785  -2.150   0.184  -1.520 5300
 15.155   3.962  -1.499  -1.985   0.189  -1.516 5320
 15.208   3.976  -2.012  -2.133   0.175  -1.521 5340
 15.274   3.990  -1.733  -2.136   0.181  -1.526 5360
 15.333   3.991  -1.520  -2.200   0.187  -1.544 5380
 15.387   4.014  -1.882  -1.802   0.178  -1.531 5400
 15.467   4.021  -1.649  -2.172   0.201  -1.543 5420
 15.536   4.039  -1.823  -2.187   0.207  -1.545 5440
 15.574   4.053  -1.886  -2.408   0.181  -1.557 5460
 15.639   4.061  -1.678  -2.037   0.189  -1.563 5480
 15.697   4.075  -1.666  -1.706   0.189  -1.554 5500
 15.747   4.095  -1.557  -2.195   0.185  -1.554 5520
 15.803   4.101  -1.890  -1.770   0.177  -1.555 5540
 15.854   4.103  -1.980  -1.819   0.161  -1.560 5560
 15.912   4.117  -1.540  -2.027   0.167  -1.561 5580
 15.961   4.130  -1.695  -2.381   0.159  -1.573 5600
 16.010   4.148  -1.807  -1.647   0.148  -1.558 5620
 16.071   4.162  -1.571  -1.974   0.154  -1.557 5640
 16.129   4.182  -1.445  -2.087   0.163  -1.553 5660
 16.183   4.206  -1.775  -1.775   0.157  -1.537 5680
 16.248   4.221  -1.861  -2.063   0.160  -1.538 5700
 16.313   4.239  -1.620  -2.147   0.169  -1.538 5720
 16.360   4.259  -1.302  -1.546   0.171  -1.520 5740
 16.402   4.270  -1.760  -2.040   0.154  -1.524 5760
 16.450   4.290  -1.495  -1.898   0.151  -1.517 5780
 16.513   4.315  -1.912  -1.832   0.150  -1.502 5800
 16.561   4.327  -2.057  -2.097   0.130  -1.507 5820
 16.626   4.332  -2.289  -2.249   0.121  -1.525 5840
 16.687   4.350  -2.103  -1.739   0.113  -1.514 5860
 16.740   4.367  -1.330  -2.579   0.121  -1.530 5880
 16.793   4.383  -1.972  -2.294   0.110  -1.537 5900
 16.860   4.386  -1.284  -1.805   0.133  -1.542 5920
 16.915   4.402  -1.571  -2.215   0.135  -1.547 5940
 16.965   4.417  -1.786  -2.111   0.126  -1.549 5960
 17.014   4.442  -1.575  -1.939   0.123  -1.536 5980
 17.087   4.458  -1.845  -1.765   0.135  -1.528 6000
 17.151   4.473  -1.573  -2.218   0.146  -1.534 6020
 17.213   4.486  -1.900  -2.263   0.144  -1.544 6040
 17.269   4.501  -1.560  -1.960   0.147  -1.541 6060
 17.315   4.504  -1.415  -1.738   0.145  -1.544 6080
 17.374   4.509  -1.080  -1.720   0.166  -1.544 6100
 17.426   4.539  -1.155  -1.592   0.176  -1.517 6120
 17.459   4.560  -2.097  -1.734   0.141  -1.503 6140
 17.507   4.574  -1.927  -1.806   0.125  -1.499 6160
 17.559   4.588  -1.333  -1.818   0.131  -1.495 6180
 17.604   4.606  -1.699  -1.861   0.120  -1.488 6200
 17.662   4.616  -1.697  -1.454   0.122  -1.478 6220
 17.731   4.613  -1.646  -2.127   0.136  -1.500 6240
 17.822   4.628  -1.738  -2.182   0.168  -1.505 6260
 17.875   4.647  -1.922  -1.882   0.157  -1.499 6280
 17.938   4.662  -1.412  -1.654   0.171  -1.489 6300
 18.007   4.679  -1.654  -1.775   0.183  -1.481 6320
 18.059   4.686  -1.946  -1.865   0.169  -1.486 6340
 18.120   4.708  -1.403  -1.924   0.182  -1.477 6360
 18.176   4.700  -1.573  -2.057   0.183  -1.503 6380
 18.221   4.700  -2.021  -1.819   0.161  -1.512 6400
 18.280   4.711  -2.109  -2.271   0.150  -1.524 6420
 18.337   4.719  -1.939  -2.100   0.143  -1.533 6440
 18.399   4.733  -1.452  -2.017   0.155  -1.534 6460
 18.458   4.738  -1.448  -2.091   0.163  -1.547 6480
 18.519   4.756  -1.828  -1.950   0.163  -1.541 6500
 18.578   4.770  -1.390  -2.085   0.174  -1.544 6520
 18.627   4.780  -1.254  -2.144   0.179  -1.552 6540
 18.683   4.792  -1.502  -2.151   0.182  -1.558 6560
 18.740   4.802  -1.772  -2.135   0.180  -1.566 6580
 18.801   4.831  -1.496  -1.940   0.188  -1.549 6600
 18.868   4.838  -2.102  -1.415   0.184  -1.538 6620
 18.925   4.852  -1.448  -2.252   0.191  -1.546 6640
 18.981   4.861  -1.709  -2.237   0.188  -1.558 6660
 19.036   4.871  -1.693  -1.733   0.185  -1.554 6680
 19.090   4.875  -1.521  -1.721   0.187  -1.555 6700
 19.151   4.893  -1.732  -2.014   0.187  -1.551 6720
 19.207   4.910  -1.782  -1.904   0.183  -1.545 6740
 19.258   4.931  -1.668  -2.278   0.177  -1.547 6760
 19.319   4.948  -1.571  -1.652   0.183  -1.534 6780
 19.377   4.967  -1.006  -2.414   0.205  -1.541 6800
 19.435   4.985  -1.989  -2.192   0.194  -1.543 6820
 19.471   5.001  -1.770  -1.890   0.171  -1.539 6840
 19.522   5.012  -1.221  -2.198   0.178  -1.547 6860
 19.576   5.025  -1.816  -2.220   0.171  -1.555 6880
 19.621   5.048  -1.850  -2.011   0.154  -1.546 6900
 19.669   5.064  -1.487  -1.407   0.151  -1.527 6920
 19.740   5.089  -1.337  -1.985   0.175  -1.516 6940
 19.792   5.099  -1.318  -2.037   0.181  -1.522 6960
 19.849   5.117  -1.842  -2.043   0.176  -1.520 6980
 19.908   5.139  -1.979  -2.302   0.168  -1.522 7000
 19.968   5.160  -1.444  -1.925   0.178  -1.514 7020
 20.028   5.169  -1.978  -2.179   0.172  -1.526 7040
 20.112   5.173  -1.901  -1.861   0.191  -1.531 7060
 20.180   5.187  -1.727  -2.088   0.199  -1.535 7080
 20.224   5.209  -1.481  -1.521   0.192  -1.512 7100
 20.294   5.225  -1.769  -2.331   0.201  -1.522 7120
 20.356   5.232  -1.854  -1.774   0.199  -1.523 7140
 20.425   5.249  -1.590  -2.160   0.212  -1.526 7160
 20.468   5.268  -1.577  -2.021   0.200  -1.522 7180
 20.513   5.272  -1.901  -1.941   0.181  -1.530 7200
 20.577   5.279  -1.500  -2.351   0.193  -1.548 7220
 20.643   5.278  -1.246  -1.889   0.214  -1.559 7240
 20.712   5.289  -1.656  -1.535   0.224  -1.548 7260
 20.759   5.303  -1.167  -1.811   0.228  -1.542 7280
 20.805   5.317  -1.535  -2.141   0.220  -1.547 7300
 20.884   5.321  -1.707  -2.114   0.239  -1.559 7320
 20.941   5.345  -1.725  -2.045   0.235  -1.551 7340
 20.980   5.368  -1.457  -2.388   0.223  -1.554 7360
 21.045   5.389  -1.848  -2.048   0.223  -1.549 7380
 21.106   5.393  -1.465  -1.749   0.232  -1.551 7400
 21.162   5.400  -2.055  -2.055   0.218  -1.559 7420
 21.220   5.407  -1.406  -2.249   0.225  -1.573 7440
 21.283   5.411  -1.572  -1.894   0.232  -1.579 7460
 21.333   5.412  -2.001  -2.041   0.214  -1.591 7480
 21.402   5.426  -1.498  -1.741   0.229  -1.582 7500
 21.451   5.449  -2.022  -1.901   0.209  -1.570 7520
 21.526   5.463  -1.774  -1.733   0.223  -1.561 7540
 21.582   5.463  -1.536  -1.819   0.224  -1.569 7560
 21.641   5.468  -1.608  -1.969   0.226  -1.575 7580
 21.700   5.491  -1.810  -1.609   0.222  -1.555 7600
 21.753   5.502  -1.583  -1.908   0.220  -1.554 7620
 21.808   5.513  -1.691  -2.575   0.216  -1.574 7640
 21.857   5.522  -1.742  -2.389   0.204  -1.591 7660
 21.899   5.552  -1.828  -1.990   0.184  -1.573 7680
 21.946   5.578  -1.881  -2.281   0.168  -1.569 7700
 22.001   5.586  -1.813  -1.772   0.162  -1.567 7720
 22.058   5.606  -1.818  -2.141   0.158  -1.566 7740
 22.105   5.628  -1.742  -1.823   0.146  -1.552 7760
 22.151   5.645  -1.535  -2.302   0.140  -1.558 7780
 22.191   5.657  -1.362  -2.043   0.135  -1.560 7800
 22.256   5.671  -1.679  -1.359   0.143  -1.540 7820
 22.306   5.690  -1.819  -1.859   0.133  -1.532 7840
 22.369   5.698  -1.859  -1.981   0.134  -1.538 7860
 22.435   5.720  -1.876  -1.597   0.138  -1.518 7880
 22.492   5.732  -1.898  -1.818   0.132  -1.516 7900
 22.548   5.740  -1.437  -2.275   0.139  -1.530 7920
 22.600   5.758  -1.709  -2.034   0.134  -1.528 7940
 22.655   5.776  -1.862  -1.943   0.127  -1.523 7960
 22.709   5.792  -1.379  -1.988   0.135  -1.522 7980
 22.758   5.810  -1.805  -2.246   0.124  -1.526 8000
 22.824   5.828  -1.889  -1.889   0.128  -1.519 8020
 22.873   5.845  -1.726  -2.127   0.120  -1.521 8040
 22.932   5.865  -1.548  -2.403   0.127  -1.528 8060
 22.984   5.876  -1.806  -2.087   0.119  -1.534 8080
 23.038   5.895  -2.055  -1.975   0.107  -1.529 8100
 23.085   5.922  -1.974  -2.416   0.089  -1.529 8120
 23.124   5.937  -1.553  -2.042   0.078  -1.530 8140
 23.183   5.954  -1.249  -2.054   0.095  -1.529 8160
 23.247   5.975  -1.742  -2.066   0.103  -1.525 8180
 23.300   5.985  -1.928  -1.567   0.093  -1.517 8200
 23.349   6.007  -1.614  -1.372   0.090  -1.491 8220
 23.400   6.026  -1.536  -2.223   0.090  -1.495 8240
 23.467   6.038  -2.198  -1.599   0.086  -1.486 8260
 23.523   6.051  -1.897  -2.421   0.081  -1.502 8280
 23.569   6.066  -1.467  -1.548   0.079  -1.488 8300
 23.626   6.080  -1.572  -1.733   0.086  -1.482 8320
 23.671   6.093  -2.175  -1.974   0.061  -1.484 8340
 23.715   6.101  -1.616  -1.535   0.053  -1.478 8360
 23.775   6.114  -1.799  -1.879   0.056  -1.478 8380
 23.834   6.132  -2.141  -1.858   0.047  -1.471 8400
 23.892   6.149  -1.734  -2.017   0.051  -1.471 8420
 23.947   6.167  -2.176  -2.096   0.037  -1.473 8440
 24.004   6.188  -2.008  -1.888   0.031  -1.465 8460
 24.051   6.210  -1.787  -1.990   0.021  -1.459 8480
 24.094   6.224  -1.732  -1.893   0.011  -1.458 8500
 24.144   6.229  -1.969  -1.688   0.000  -1.461 8520
 24.200   6.243  -1.802  -2.123   0.001  -1.467 8540
 24.258   6.261  -2.090  -1.929  -0.007  -1.463 8560
 24.325   6.259  -1.354  -1.633   0.018  -1.470 8580
 24.382   6.275  -1.445  -2.127   0.030  -1.475 8600
 24.445   6.287  -1.447  -2.331   0.047  -1.488 8620
 24.501   6.308  -1.570  -1.691   0.053  -1.474 8640
 24.559   6.329  -1.897  -2.260   0.050  -1.477 8660
 24.625   6.350  -1.380  -2.029   0.071  -1.473 8680
 24.690   6.357  -1.462  -1.948   0.089  -1.481 8700
 24.730   6.381  -1.456  -2.063   0.080  -1.475 8720
 24.787   6.397  -1.971  -1.730   0.074  -1.468 8740
 24.846   6.412  -1.493  -1.614   0.084  -1.457 8760
 24.910   6.422  -1.045  -1.849   0.113  -1.459 8780
 24.966   6.433  -1.575  -1.575   0.117  -1.452 8800
 25.024   6.451  -1.642  -1.642   0.120  -1.440 8820
 25.070   6.458  -1.894  -2.176   0.104  -1.455 8840
 25.126   6.476  -1.627  -2.196   0.106  -1.460 8860
 25.185   6.489  -2.094  -1.893   0.097  -1.461 8880
 25.250   6.506  -1.857  -1.574   0.103  -1.448 8900
 25.302   6.528  -1.653  -1.733   0.100  -1.435 8920
 25.360   6.538  -2.305  -2.063   0.084  -1.444 8940
 25.404   6.553  -1.477  -1.716   0.080  -1.437 8960
 25.452   6.574  -1.251  -1.775   0.087  -1.427 8980
 25.500   6.584  -1.279  -2.238   0.092  -1.442 9000
 25.567   6.598  -1.767  -2.289   0.101  -1.454 9020
 25.620   6.614  -1.654  -2.017   0.100  -1.456 9040
 25.675   6.630  -1.948  -2.232   0.092  -1.463 9060
 25.735   6.644  -1.989  -2.111   0.088  -1.468 9080
 25.778   6.664  -1.765  -1.364   0.074  -1.446 9100
 25.822   6.681  -1.806  -1.967   0.060  -1.446 9120
 25.875   6.693  -2.142  -2.304   0.045  -1.459 9140
 25.931   6.710  -2.048  -1.807   0.037  -1.453 9160
 25.971   6.737  -1.169  -2.015   0.040  -1.444 9180
 26.060   6.744  -2.106  -2.308   0.061  -1.463 9200
 26.102   6.768  -1.500  -1.865   0.055  -1.452 9220
 26.170   6.784  -1.873  -1.791   0.064  -1.446 9240
 26.233   6.807  -1.764  -1.924   0.070  -1.439 9260
 26.296   6.819  -1.827  -1.746   0.074  -1.436 9280
 26.355   6.826  -1.983  -2.105   0.070  -1.449 9300
 26.408   6.839  -1.526  -1.848   0.073  -1.449 9320
 26.464   6.859  -1.501  -1.704   0.080  -1.438 9340
 26.517   6.873  -1.661  -1.985   0.080  -1.440 9360
 26.564   6.894  -2.012  -1.731   0.062  -1.429 9380
 26.624   6.898  -1.841  -2.081   0.063  -1.444 9400
 26.680   6.906  -1.517  -1.557   0.070  -1.439 9420
 26.737   6.919  -1.854  -1.975   0.068  -1.443 9440
 26.769   6.943  -1.940  -1.940   0.039  -1.435 9460
 26.823   6.948  -1.532  -2.257   0.044  -1.454 9480
 26.879   6.961  -1.666  -1.503   0.047  -1.444 9500
 26.932   6.972  -1.766  -1.646   0.044  -1.439 9520
 26.981   6.985  -1.329  -1.933   0.050  -1.441 9540
 27.041   7.003  -2.017  -1.976   0.047  -1.440 9560
 27.100   7.020  -1.764  -1.964   0.049  -1.439 9580
 27.157   7.035  -1.892  -2.213   0.047  -1.447 9600
 27.215   7.046  -1.771  -2.374   0.048  -1.464 9620
 27.283   7.062  -1.733  -1.693   0.061  -1.456 9640
 27.338   7.077  -1.378  -1.824   0.071  -1.452 9660
 27.409   7.088  -1.570  -1.932   0.091  -1.456 9680
 27.462   7.104  -1.455  -2.223   0.096  -1.464 9700
 27.523   7.109  -1.528  -1.849   0.106  -1.470 9720
 27.574   7.130  -1.496  -1.940   0.108  -1.464 9740
 27.639   7.150  -1.446  -1.727   0.124  -1.453 9760
 27.699   7.165  -1.363  -2.524   0.138  -1.470 9780
 27.772   7.175  -1.537  -1.618   0.158  -1.465 9800
 27.833   7.189  -1.446  -2.129   0.170  -1.471 9820
 27.882   7.210  -1.327  -2.090   0.172  -1.469 9840
 27.950   7.213  -1.880  -2.000   0.176  -1.483 9860
 28.001   7.228  -1.972  -1.449   0.162  -1.467 9880
 28.059   7.246  -1.732  -2.094   0.160  -1.468 9900
 28.123   7.248  -1.598  -1.718   0.170  -1.474 9920
 28.197   7.251  -2.017  -2.500   0.177  -1.502 9940
 28.251   7.262  -1.565  -2.207   0.176  -1.512 9960
 28.298   7.269  -1.896  -2.097   0.160  -1.523 9980
 28.351   7.277  -1.416  -1.739   0.164  -1.521 10000
 28.391   7.295  -1.698  -1.819   0.146  -1.513 10020
 28.454   7.311  -1.456  -2.184   0.159  -1.518 10040
 28.517   7.335  -1.814  -1.975   0.161  -1.509 10060
 28.563   7.356  -1.823  -2.066   0.147  -1.505 10080
 28.616   7.368  -1.381  -1.909   0.152  -1.505 10100
 28.673   7.395  -1.855  -1.815   0.148  -1.488 10120
 28.731   7.405  -1.703  -1.784   0.148  -1.488 10140
 28.785   7.428  -1.656  -1.818   0.147  -1.474 10160
 28.833   7.431  -1.693  -1.693   0.138  -1.478 10180
 28.875   7.454  -1.769  -1.969   0.121  -1.471 10200
 28.934   7.475  -1.529  -2.051   0.129  -1.468 10220
 28.987   7.487  -1.367  -2.491   0.136  -1.487 10240
 29.043   7.505  -1.209  -2.096   0.150  -1.487 10260
 29.096   7.521  -1.331  -1.654   0.157  -1.477 10280
 29.177   7.539  -1.581  -2.229   0.183  -1.482 10300
 29.228   7.554  -1.939  -1.777   0.169  -1.476 10320
 29.274   7.571  -1.533  -1.694   0.162  -1.467 10340
 29.336   7.591  -1.901  -2.305   0.160  -1.473 10360
 29.392   7.603  -1.584  -1.950   0.162  -1.475 10380
 29.450   7.615  -1.616  -1.979   0.166  -1.479 10400
 29.502   7.622  -1.213  -2.102   0.175  -1.491 10420
 29.569   7.640  -1.567  -1.807   0.188  -1.483 10440
 29.600   7.659  -1.707  -1.789   0.161  -1.473 10460
 29.642   7.687  -1.767  -2.209   0.144  -1.468 10480
 29.698   7.697  -1.943  -1.983   0.135  -1.474 10500
 29.750   7.714  -1.333  -2.221   0.142  -1.480 10520
 29.793   7.734  -1.691  -1.972   0.129  -1.476 10540
 29.851   7.728  -1.933  -2.094   0.123  -1.500 10560
 29.898   7.749  -1.689  -2.051   0.114  -1.496 10580
 29.963   7.766  -1.769  -2.371   0.120  -1.506 10600
 30.020   7.773  -1.615  -1.695   0.124  -1.505 10620
 30.076   7.785  -1.730  -2.292   0.123  -1.516 10640
 30.122   7.804  -1.581  -2.189   0.116  -1.519 10660
 30.156   7.829  -1.535  -1.858   0.099  -1.504 10680
 30.208   7.846  -1.622  -1.986   0.098  -1.503 10700
 30.248   7.864  -1.655  -2.341   0.085  -1.510 10720
 30.296   7.882  -1.560  -1.960   0.082  -1.506 10740
 30.349   7.899  -1.767  -2.048   0.078  -1.506 10760
 30.402   7.911  -1.627  -1.953   0.078  -1.507 10780
 30.450   7.927  -1.867  -1.462   0.066  -1.491 10800
 30.503   7.939  -1.296  -1.863   0.077  -1.490 10820
 30.562   7.952  -1.544  -1.950   0.085  -1.491 10840
 30.619   7.974  -2.005  -1.965   0.078  -1.484 10860
 30.687   7.997  -1.971  -1.850   0.082  -1.473 10880
 30.744   8.009  -1.656  -2.100   0.085  -1.480 10900
 30.811   8.021  -1.649  -1.689   0.099  -1.475 10920
 30.864   8.039  -1.654  -1.936   0.098  -1.471 10940
 30.923   8.050  -1.578  -1.578   0.104  -1.464 10960
 30.958   8.071  -2.032  -2.154   0.074  -1.464 10980
 31.016   8.086  -1.647  -2.209   0.078  -1.471 11000
 31.084   8.096  -1.801  -1.721   0.088  -1.469 11020
 31.150   8.106  -2.134  -2.376   0.086  -1.487 11040
 31.217   8.117  -2.260  -1.937   0.080  -1.490 11060
 31.261   8.131  -1.854  -2.136   0.064  -1.495 11080
 31.318   8.142  -1.410  -1.933   0.076  -1.498 11100
 31.374   8.154  -1.769  -1.769   0.075  -1.495 11120
 31.450   8.158  -1.779  -2.021   0.093  -1.507 11140
 31.510   8.165  -1.381  -1.625   0.107  -1.503 11160
 31.566   8.194  -1.818  -2.019   0.103  -1.490 11180
 31.627   8.208  -1.971  -1.971   0.101  -1.491 11200
 31.690   8.229  -1.849  -1.929   0.104  -1.484 11220
 31.745   8.229  -1.781  -1.983   0.100  -1.499 11240
 31.812   8.235  -1.701  -2.025   0.111  -1.509 11260
 31.855   8.250  -1.822  -1.660   0.095  -1.499 11280
 31.902   8.259  -1.898  -1.818   0.080  -1.500 11300
 31.952   8.282  -1.617  -1.657   0.078  -1.482 11320
 31.995   8.294  -1.804  -1.964   0.064  -1.486 11340
 32.056   8.308  -1.739  -2.265   0.068  -1.495 11360
 32.102   8.320  -1.733  -1.653   0.059  -1.488 11380
 32.152   8.333  -1.921  -2.081   0.048  -1.493 11400
 32.218   8.347  -1.732  -1.974   0.059  -1.494 11420
 32.277   8.361  -1.480  -2.000   0.070  -1.496 11440
 32.372   8.375  -1.672  -2.242   0.110  -1.505 11460
 32.408   8.394  -1.915  -2.484   0.084  -1.515 11480
 32.466   8.410  -1.618  -2.184   0.089  -1.520 11500
 32.539   8.415  -1.932  -2.133   0.099  -1.533 11520
 32.589   8.432  -1.971  -2.212   0.086  -1.537 11540
 32.648   8.455  -1.287  -1.890   0.102  -1.526 11560
 32.701   8.477  -1.898  -1.939   0.093  -1.517 11580
 32.756   8.492  -1.979  -2.423   0.084  -1.529 11600
 32.821   8.519  -1.484  -2.286   0.101  -1.526 11620
 32.870   8.533  -1.403  -2.124   0.103  -1.530 11640
 32.922   8.546  -1.910  -2.073   0.093  -1.534 11660
 32.980   8.569  -2.055  -2.055   0.084  -1.527 11680
 33.051   8.597  -1.748  -2.601   0.099  -1.532 11700
 33.122   8.596  -1.582  -1.866   0.117  -1.543 11720
 33.174   8.610  -1.725  -2.085   0.112  -1.546 11740
 33.227   8.641  -1.797  -2.436   0.107  -1.543 11760
 33.290   8.658  -1.692  -2.497   0.114  -1.555 11780
 33.358   8.683  -1.524  -2.166   0.130  -1.549 11800
 33.402   8.694  -1.623  -1.704   0.121  -1.543 11820
 33.467   8.701  -1.563  -2.044   0.133  -1.551 11840
 33.537   8.704  -1.293  -2.141   0.158  -1.566 11860
 33.604   8.712  -1.649  -2.292   0.169  -1.580 11880
 33.670   8.739  -1.571  -1.732   0.180  -1.558 11900
 33.723   8.760  -1.774  -1.894   0.173  -1.548 11920
 33.769   8.779  -1.822  -1.902   0.158  -1.540 11940
 33.841   8.789  -1.483  -1.684   0.178  -1.534 11960
 33.906   8.802  -1.767  -2.048   0.184  -1.538 11980
 33.957   8.820  -1.494  -1.615   0.182  -1.522 12000
 34.009   8.848  -1.486  -2.249   0.084  -0.031 12020
 34.062   8.869  -1.819  -2.304   0.075  -0.035 12040
 34.116   8.890  -1.770  -1.931   0.070  -0.027 12060
 34.177   8.904  -2.018  -2.018   0.063  -0.028 12080
 34.220   8.929  -1.525  -2.007   0.054  -0.018 12100
 34.283   8.933  -1.623  -1.825   0.062  -0.024 12120
 34.343   8.961  -1.375  -1.982   0.074  -0.011 12140
 34.402   8.970  -1.567  -2.329   0.079  -0.028 12160
 34.461   8.981  -2.087  -2.127   0.068  -0.035 12180
 34.510   8.987  -1.451  -1.894   0.067  -0.041 12200
 34.560   9.016  -1.896  -2.299   0.054  -0.036 12220
 34.618   9.036  -1.799  -1.958   0.051  -0.030 12240
 34.685   9.050  -1.859  -1.738   0.056  -0.023 12260
 34.738   9.073  -1.732  -2.416   0.051  -0.027 12280
 34.793   9.083  -1.011  -2.142   0.069  -0.037 12300
 34.861   9.100  -1.898  -1.939   0.074  -0.033 12320
 34.913   9.114  -1.542  -2.028   0.073  -0.034 12340
 34.956   9.132  -1.650  -2.133   0.060  -0.035 12360
 35.003   9.160  -2.054  -1.772   0.039  -0.016 12380
 35.064   9.171  -1.775  -1.976   0.041  -0.019 12400
 35.119   9.183  -1.535  -1.818   0.044  -0.017 12420
 35.169   9.208  -1.376  -1.943   0.047  -0.006 12440
 35.218   9.222  -1.877  -1.438   0.034   0.009 12460
 35.270   9.243  -1.766  -1.686   0.027   0.023 12480
 35.333   9.260  -1.928  -1.526   0.027   0.037 12500
 35.364   9.289  -1.850  -2.212  -0.003   0.043 12520
 35.413   9.297  -1.418  -1.823  -0.001   0.040 12540
 35.472   9.300  -1.130  -1.857   0.019   0.030 12560
 35.528   9.331  -2.185  -2.024   0.005   0.043 12580
 35.589   9.345  -1.719  -2.557   0.010   0.023 12600
 35.642   9.363  -1.402  -1.963   0.016   0.026 12620
 35.683   9.398  -1.610  -2.053   0.004   0.042 12640
 35.735   9.415  -1.850  -2.252  -0.005   0.034 12660
 35.789   9.435  -1.650  -2.254  -0.004   0.029 12680
 35.833   9.450  -1.295  -1.780  -0.004   0.034 12700
 35.910   9.463  -1.582  -1.988   0.021   0.030 12720
 35.974   9.477  -1.493  -2.258   0.035   0.020 12740
 36.048   9.491  -1.720  -1.760   0.051   0.025 12760
 36.107   9.505  -2.129  -2.249   0.040   0.015 12780
 36.170   9.521  -1.640  -2.120   0.048   0.011 12800
 36.225   9.534  -1.896  -1.976   0.039   0.009 12820
 36.278   9.535  -1.772  -2.014   0.034  -0.006 12840
 36.338   9.554  -1.460  -1.785   0.044   0.003 12860
 36.396   9.572  -2.136  -1.572   0.032   0.018 12880
 36.452   9.566  -2.109  -2.028   0.019  -0.005 12900
 36.538   9.570  -2.342  -1.656   0.029  -0.005 12920
 36.597   9.576  -1.861  -2.507   0.026  -0.031 12940
 36.645   9.587  -1.936  -1.896   0.011  -0.031 12960
 36.698   9.600  -1.866  -1.988   0.003  -0.033 12980
 36.755   9.617  -1.616  -1.495   0.007  -0.016 13000
 36.820   9.635  -1.321  -1.721   0.027  -0.005 13020
 36.870   9.643  -1.618  -1.699   0.023  -0.003 13040
 36.940   9.645  -1.852  -1.650   0.032  -0.006 13060
 36.998   9.663  -1.700  -2.226   0.033  -0.011 13080
 37.055   9.677  -1.897  -1.655   0.028  -0.002 13100
 37.117   9.698  -1.557  -1.716   0.037   0.011 13120
 37.154   9.719  -1.338  -1.703   0.029   0.025 13140
 37.208   9.743  -1.877  -1.877   0.021   0.036 13160
 37.264   9.752  -1.578  -2.224   0.024   0.022 13180
 37.318   9.766  -1.533  -2.258   0.028   0.012 13200
 37.376   9.785  -1.678  -2.117   0.029   0.010 13220
 37.436   9.796  -1.573  -2.420   0.036  -0.007 13240
 37.506   9.814  -1.725  -1.805   0.049   0.001 13260
 37.579   9.836  -1.574  -1.615   0.067   0.019 13280
 37.619   9.860  -1.655  -2.381   0.052   0.014 13300
 37.674   9.871  -1.454  -1.858   0.057   0.014 13320
 37.726   9.885  -1.534  -2.099   0.057   0.008 13340
 37.797   9.902  -1.244  -2.206   0.084   0.003 13360
 37.861   9.922  -1.823  -1.904   0.086   0.009 13380
 37.915   9.937  -1.447  -1.487   0.089   0.024 13400
 37.962   9.947  -1.409  -2.012   0.087   0.017 13420
 38.024   9.964  -1.452  -2.097   0.098   0.014 13440
 38.074   9.981  -1.600  -2.160   0.093   0.010 13460
 38.109   9.999  -1.533  -2.138   0.075   0.008 13480
 38.148  10.009  -1.614  -1.896   0.059   0.005 13500
 38.202  10.002  -1.502  -2.029   0.061  -0.019 13520
 38.260  10.021  -1.618  -2.063   0.065  -0.016 13540
 38.316  10.025  -1.833  -2.240   0.059  -0.034 13560
 38.365  10.046  -1.444  -1.725   0.059  -0.020 13580
 38.421  10.067  -1.538  -1.822   0.062  -0.009 13600
 38.494  10.083  -1.974  -2.014   0.069  -0.010 13620
 38.560  10.081  -2.041  -1.837   0.066  -0.021 13640
 38.609  10.088  -1.739  -1.820   0.057  -0.024 13660
 38.675  10.093  -1.711  -1.874   0.064  -0.031 13680
 38.718  10.102  -1.346  -2.406   0.061  -0.048 13700
 38.778  10.118  -1.568  -2.090   0.068  -0.050 13720
 38.839  10.140  -1.529  -2.373   0.075  -0.053 13740
 38.903  10.158  -1.399  -2.118   0.091  -0.053 13760
 38.965  10.168  -2.054  -2.014   0.083  -0.058 13780
 39.036  10.177  -1.524  -2.286   0.101  -0.072 13800
 39.088  10.191  -1.369  -1.892   0.104  -0.068 13820
 39.149  10.202  -2.094  -1.813   0.095  -0.065 13840
 39.221  10.214  -2.064  -1.781   0.097  -0.060 13860
 39.275  10.210  -1.567  -1.888   0.097  -0.074 13880
 39.345  10.220  -1.827  -2.151   0.104  -0.082 13900
 39.406  10.234  -1.941  -2.669   0.098  -0.102 13920
 39.463  10.255  -1.834  -2.120   0.093  -0.097 13940
 39.526  10.275  -1.749  -2.237   0.096  -0.098 13960
 39.578  10.294  -1.820  -1.780   0.085  -0.085 13980
 39.658  10.314  -1.220  -2.032   0.121  -0.080 14000
 39.721  10.322  -1.795  -1.917   0.121  -0.082 14020
 39.781  10.336  -2.257  -2.055   0.105  -0.083 14040
 39.828  10.347  -2.044  -2.044   0.084  -0.087 14060
 39.884  10.360  -1.777  -2.100   0.080  -0.090 14080
 39.943  10.378  -1.599  -1.719   0.083  -0.077 14100
 40.001  10.402  -1.835  -2.114   0.079  -0.070 14120
 40.048  10.419  -1.852  -1.650   0.064  -0.057 14140
 40.108  10.429  -1.761  -1.921   0.065  -0.059 14160
 40.160  10.448  -1.617  -1.900   0.061  -0.050 14180
 40.218  10.469  -1.867  -2.192   0.056  -0.050 14200
 40.272  10.486  -1.490  -2.295   0.060  -0.056 14220
 40.334  10.500  -1.764  -1.603   0.062  -0.044 14240
 40.381  10.514  -1.578  -2.224   0.056  -0.052 14260
 40.430  10.524  -1.720  -1.760   0.047  -0.049 14280
 40.485  10.536  -1.411  -1.894   0.053  -0.047 14300
 40.534  10.545  -1.762  -2.048   0.044  -0.055 14320
 40.577  10.552  -2.022  -2.184   0.021  -0.067 14340
 40.636  10.570  -2.055  -2.015   0.013  -0.063 14360
 40.695  10.584  -1.456  -1.901   0.023  -0.060 14380
 40.748  10.598  -2.019  -1.697   0.010  -0.051 14400
 40.801  10.609  -1.853  -1.974   0.003  -0.054 14420
 40.855  10.640  -2.025  -2.187  -0.010  -0.043 14440
 40.915  10.667  -1.565  -2.608  -0.001  -0.050 14460
 40.971  10.679  -2.349  -2.511  -0.020  -0.067 14480
 41.031  10.699  -1.540  -1.824  -0.010  -0.056 14500
 41.074  10.710  -1.785  -1.825  -0.024  -0.054 14520
 41.133  10.732  -1.619  -2.145  -0.018  -0.050 14540
 41.193  10.748  -2.051  -1.488  -0.024  -0.034 14560
 41.249  10.756  -1.770  -2.051  -0.025  -0.041 14580
 41.308  10.766  -1.804  -2.244  -0.024  -0.053 14600
 41.373  10.788  -1.901  -1.901  -0.021  -0.043 14620
 41.420  10.809  -1.564  -1.524  -0.024  -0.022 14640
 41.471  10.829  -2.057  -1.734  -0.039  -0.010 14660
 41.528  10.843  -1.924  -2.484  -0.043  -0.026 14680
 41.590  10.853  -1.505  -1.953  -0.030  -0.030 14700
 41.637  10.865  -1.563  -1.603  -0.033  -0.020 14720
 41.690  10.878  -2.139  -2.421  -0.047  -0.035 14740
 41.744  10.888  -1.297  -2.067  -0.036  -0.042 14760
 41.784  10.917  -1.701  -2.025  -0.050  -0.029 14780
 41.864  10.906  -1.814  -2.096  -0.028  -0.057 14800
 41.935  10.923  -1.543  -1.583  -0.007  -0.042 14820
 41.990  10.928  -1.960  -2.399  -0.016  -0.063 14840
 42.049  10.944  -1.857  -2.179  -0.017  -0.067 14860
 42.103  10.959  -1.640  -1.560  -0.016  -0.052 14880
 42.171  10.972  -1.898  -1.697  -0.010  -0.044 14900
 42.257  10.980  -2.022  -2.063   0.011  -0.052 14920
 42.305  10.996  -1.451  -1.774   0.010  -0.044 14940
 42.368  10.997  -1.901  -2.144   0.011  -0.061 14960
 42.424  11.014  -1.935  -1.572   0.004  -0.046 14980
 42.483  11.028  -1.375  -1.496   0.017  -0.031 15000
 42.536  11.054  -1.681  -1.881   0.014  -0.016 15020
 42.588  11.082  -1.900  -1.698   0.004   0.005 15040
 42.638  11.103  -2.075  -1.597  -0.012   0.022 15060
 42.701  11.116  -1.498  -1.983   0.001   0.018 15080
 42.770  11.123  -1.529  -1.850   0.019   0.014 15100
 42.826  11.138  -1.300  -2.518   0.031  -0.003 15120
 42.875  11.158  -1.811  -1.892   0.020   0.004 15140
 42.929  11.171  -1.983  -1.781   0.010   0.007 15160
 42.984  11.183  -1.567  -2.129   0.013   0.000 15180
 43.046  11.189  -1.701  -1.458   0.018   0.006 15200
 43.103  11.206  -1.742  -2.066   0.018   0.005 15220
 43.162  11.218  -1.405  -1.846   0.029   0.006 15240
 43.218  11.238  -1.330  -2.217   0.040   0.003 15260
 43.275  11.260  -1.937  -1.937   0.033   0.011 15280
 43.323  11.287  -1.697  -1.898   0.025   0.024 15300
 43.375  11.306  -1.611  -2.215   0.023   0.021 15320
 43.425  11.323  -1.400  -1.960   0.026   0.022 15340
 43.473  11.333  -1.823  -2.106   0.014   0.012 15360
 43.519  11.354  -1.417  -1.983   0.013   0.018 15380
 43.569  11.381  -1.858  -1.697   0.003   0.036 15400
 43.607  11.403  -1.824  -1.946  -0.019   0.043 15420
 43.671  11.414  -1.781  -2.024  -0.012   0.037 15440
 43.733  11.430  -1.422  -2.153   0.003   0.031 15460
 43.788  11.449  -1.861  -2.144  -0.003   0.029 15480
 43.834  11.458  -1.647  -1.687  -0.011   0.030 15500
 43.880  11.467  -1.800  -2.160  -0.023   0.019 15520
 43.939  11.481  -1.852  -1.691  -0.023   0.025 15540
 44.006  11.490  -1.684  -2.324  -0.011   0.008 15560
 44.069  11.497  -1.725  -2.085  -0.004  -0.004 15580
 44.122  11.516  -2.284  -1.964  -0.024   0.001 15600
 44.203  11.529  -1.663  -1.947   0.003  -0.001 15620
 44.261  11.550  -1.610  -1.409   0.007   0.022 15640
 44.320  11.567  -1.596  -2.074   0.013   0.020 15660
 44.381  11.582  -1.943  -1.862   0.011   0.023 15680
 44.443  11.592  -1.009  -1.816   0.037   0.022 15700
 44.493  11.606  -1.622  -2.189   0.033   0.014 15720
 44.567  11.619  -1.863  -1.863   0.045   0.014 15740
 44.632  11.642  -1.760  -1.800   0.051   0.027 15760
 44.693  11.655  -1.865  -1.905   0.050   0.026 15780
 44.768  11.669  -1.827  -1.948   0.063   0.025 15800
 44.839  11.675  -2.130  -2.050   0.063   0.013 15820
 44.885  11.691  -1.726  -1.766   0.051   0.020 15840
 44.943  11.708  -1.850  -2.373   0.047   0.010 15860
 45.001  11.732  -1.858  -2.141   0.044   0.013 15880
 45.078  11.745  -1.786  -2.070   0.061   0.007 15900
 45.137  11.761  -1.955  -2.159   0.054   0.003 15920
 45.190  11.771  -1.807  -2.048   0.047  -0.005 15940
 45.245  11.784  -1.896  -1.896   0.039  -0.005 15960
 45.286  11.802  -1.698  -2.546   0.023  -0.019 15980
 45.349  11.809  -1.562  -1.602   0.034  -0.015 16000
 45.370  11.836  -1.545  -1.748   0.004   0.004 16020
 45.426  11.848  -1.807  -1.928   0.001   0.003 16040
 45.483  11.857  -1.810  -1.971  -0.001  -0.004 16060
 45.547  11.862  -1.898  -1.939   0.002  -0.012 16080
 45.601  11.875  -1.787  -1.747  -0.003  -0.007 16100
 45.654  11.889  -1.291  -2.057   0.007  -0.011 16120
 45.700  11.908  -2.087  -1.686  -0.014   0.003 16140
 45.752  11.932  -1.643  -1.804  -0.016   0.016 16160
 45.799  11.955  -1.935  -1.693  -0.030   0.031 16180
 45.857  11.964  -1.928  -1.446  -0.034   0.041 16200
 45.917  11.983  -1.656  -1.818  -0.028   0.047 16220
 45.970  11.995  -1.581  -1.824  -0.026   0.048 16240
 46.025  12.016  -1.454  -2.019  -0.018   0.051 16260
 46.078  12.033  -1.375  -1.941  -0.010   0.052 16280
 46.138  12.053  -1.865  -2.391  -0.011   0.042 16300
 46.190  12.067  -1.825  -2.069  -0.018   0.037 16320
 46.247  12.085  -1.498  -2.549  -0.010   0.022 16340
 46.292  12.099  -1.833  -1.915  -0.024   0.022 16360
 46.345  12.116  -1.337  -1.944  -0.015   0.024 16380
 46.418  12.124  -1.810  -2.091  -0.001   0.013 16400
 46.467  12.134  -1.720  -2.080  -0.008   0.004 16420
 46.532  12.138  -1.410  -2.255   0.010  -0.015 16440
 46.592  12.153  -2.181  -1.979  -0.001  -0.014 16460
 46.655  12.166  -1.906  -1.744   0.000  -0.009 16480
 46.708  12.186  -2.133  -1.811  -0.015   0.000 16500
 46.767  12.209  -1.254  -2.144   0.002   0.004 16520
 46.838  12.222  -1.776  -1.615   0.015   0.012 16540
 46.900  12.247  -2.265  -1.901   0.003   0.023 16560
 46.952  12.254  -1.554  -1.991   0.004   0.014 16580
 47.005  12.263  -1.685  -1.605   0.002   0.018 16600
 47.052  12.279  -1.571  -1.692  -0.002   0.028 16620
 47.108  12.292  -1.933  -2.175  -0.009   0.019 16640
 47.167  12.314  -2.031  -2.153  -0.015   0.020 16660
 47.225  12.334  -1.371  -1.814  -0.003   0.028 16680
 47.286  12.347  -1.700  -2.145   0.003   0.020 16700
 47.341  12.354  -1.682  -1.642   0.002   0.022 16720
 47.402  12.363  -1.415  -1.779   0.016   0.022 16740
 47.477  12.376  -1.706  -1.950   0.034   0.019 16760
 47.528  12.384  -2.037  -1.752   0.019   0.019 16780
 47.611  12.398  -1.176  -2.351   0.060   0.006 16800
 47.661  12.425  -1.539  -2.228   0.058   0.009 16820
 47.727  12.442  -1.685  -2.246   0.067   0.002 16840
 47.783  12.454  -2.010  -1.889   0.056   0.003 16860
 47.841  12.481  -1.612  -1.894   0.058   0.016 16880
 47.915  12.503  -1.692  -2.014   0.075   0.021 16900
 47.990  12.517  -1.888  -1.928   0.086   0.021 16920
 48.063  12.531  -2.099  -2.099   0.088   0.016 16940
 48.111  12.544  -2.014  -2.175   0.069   0.007 16960
 48.200  12.547  -1.998  -1.759   0.091   0.001 16980
 48.256  12.565  -1.570  -2.213   0.092  -0.003 17000
 48.328  12.582  -1.782  -2.025   0.102  -0.003 17020
 48.392  12.601  -1.659  -1.254   0.109   0.023 17040
 48.429  12.613  -1.570  -2.213   0.091   0.011 17060
 48.469  12.622  -1.457  -1.538   0.081   0.019 17080
 48.492  12.657  -1.695  -2.018   0.046   0.036 17100
 48.538  12.680  -1.251  -1.855   0.049   0.046 17120
 48.595  12.694  -1.737  -2.181   0.048   0.037 17140
 48.657  12.706  -2.066  -2.349   0.042   0.022 17160
 48.713  12.722  -1.713  -1.713   0.040   0.030 17180
 48.784  12.727  -1.754  -1.913   0.053   0.022 17200
 48.844  12.726  -1.699  -1.780   0.056   0.011 17220
 48.895  12.732  -2.215  -2.456   0.033  -0.013 17240
 48.959  12.740   0.967  -7.492   0.121  -0.185 17260
 49.019  12.743  -0.441  -2.323   0.160  -0.202 17280
 49.061  12.762  -5.614  -1.094   0.024  -0.165 17300
 49.089  12.776  -2.006  -4.320  -0.013  -0.231 17320
 49.000  12.786  -0.110  -0.074  -0.105  -0.173 17340
 48.482  12.730  -1.986   1.635  -0.667  -0.128 17360
 47.912  12.711  -4.153  -3.583  -1.327  -0.206 17380
 47.169  12.863  -3.806  -0.668  -2.126  -0.027 17400
 46.411  13.072  -5.572  -2.195  -2.967   0.154 17420
 45.665  13.265  -4.440  -1.199  -3.738   0.346 17440
 44.948  13.531  -5.152  -1.670  -4.479   0.588 17460
 44.255  13.850  -7.711  -1.396  -5.251   0.883 17480
 43.496  14.175 -10.075  -0.483  -6.135   1.201 17500
 42.619  14.459  -7.460  -0.316  -7.029   1.476 17520
 41.590  14.825  -5.738  -1.057  -7.991   1.799 17540
 40.475  15.152 -10.871   0.268  -9.161   2.115 17560
 39.459  15.105 -11.037  -2.542 -10.207   1.974 17580
 38.398  15.044 -12.967  -1.606 -11.322   1.853 17600
 37.366  14.984 -15.533  -1.687 -12.452   1.733 17620
 36.354  14.938 -13.473  -0.469 -13.467   1.667 17640
 35.302  14.850 -15.945  -1.156 -14.564   1.541 17660
 34.307  14.683 -18.928  -2.576 -15.664   1.300 17680
 33.094  14.553 -19.226  -0.414 -16.950   1.167 17700
 31.741  14.507 -20.446  -0.293 -18.371   1.123 17720
 30.535  14.613 -18.059   0.547 -19.534   1.254 17740
 29.348  14.987 -17.903   1.179 -20.639   1.659 17760
 28.148  15.469 -20.092   1.985 -21.790   2.180 17780
 27.030  15.946 -23.277   0.956 -22.922   2.651 17800
 25.884  16.384 -26.510   2.067 -24.144   3.103 17820
 24.787  16.796 -28.803   0.048 -25.351   3.455 17840
 23.737  17.079 -29.460   0.587 -26.496   3.688 17860
 22.737  17.300 -28.727   2.476 -27.535   3.911 17880
 21.927  17.501 -29.926   2.550 -28.396   4.110 17900
 21.292  17.643 -30.964   4.489 -29.091   4.303 17920
 20.692  17.798 -33.047   1.861 -29.796   4.425 17940
 20.289  17.902 -34.509   1.764 -30.331   4.490 17960
 19.999  17.990 -33.040   3.741 -30.696   4.598 17980
 19.772  18.068 -33.609   4.618 -31.007   4.719 18000
 19.633  18.126 -33.863   2.798 -31.230   4.762 18020
 19.586  18.087 -34.293   3.323 -31.371   4.725 18040
 19.635  18.031 -33.792   4.019 -31.399   4.694 18060
 19.762  17.986 -32.194   3.789 -31.302   4.668 18080
 19.908  17.919 -32.598   4.160 -31.203   4.632 18100
 20.070  17.917 -31.329   4.218 -31.052   4.663 18120
 20.151  17.968 -30.651   3.022 -30.964   4.708 18140
 20.300  18.049 -33.224   1.101 -30.891   4.723 18160
 20.578  18.192 -30.943   2.548 -30.625   4.840 18180
 20.893  18.407 -29.570   2.865 -30.291   5.035 18200
 21.262  18.654 -32.708   1.450 -30.009   5.211 18220
 21.722  18.936 -32.796   3.827 -29.649   5.488 18240
 22.289  19.116 -34.352   3.779 -29.243   5.655 18260
 23.066  18.791 -30.760   4.043 -28.538   5.337 18280
 23.849  18.610 -22.589  -1.399 -27.603   5.004 18300
 24.815  18.446 -26.528   4.099 -26.637   4.862 18320
 25.855  18.337 -28.213   2.089 -25.678   4.718 18340
 26.986  18.336 -29.183   3.439 -24.689   4.723 18360
 28.199  18.269 -27.068   6.894 -23.588   4.767 18380
 29.362  18.183 -23.410   5.864 -22.457   4.762 18400
 30.548  18.168 -20.792   5.284 -21.259   4.807 18420
 31.825  18.075 -21.090   1.484 -20.019   4.662 18440
 32.987  18.063 -21.588   0.353 -18.942   4.565 18460
 34.179  18.116 -20.481   1.534 -17.834   4.571 18480
 35.498  18.316 -19.972   3.048 -16.622   4.764 18500
 36.956  18.449 -17.628   3.298 -15.241   4.893 18520
 38.406  18.396 -18.823   1.943 -13.945   4.798 18540
 39.957  17.861 -13.897   2.495 -12.442   4.255 18560
 41.598  17.223 -12.793   2.916 -10.864   3.640 18580
 43.454  16.467 -11.079   1.738  -9.072   2.894 18600
 45.409  15.642  -9.271   0.488  -7.185   2.067 18620
 47.537  14.776  -6.042  -2.883  -5.090   1.122 18640
 49.701  13.832  -3.455  -1.073  -2.944   0.185 18660
 51.899  13.033  -2.673  -0.679  -0.807  -0.571 18680
 54.201  12.449   0.234  -3.154   1.454  -1.171 18700
 56.199  12.004  -2.378  -5.019   3.274  -1.673 18720
 58.164  11.542  -5.649  -7.933   4.910  -2.265 18740
 60.142  11.123   3.454  -3.611   6.782  -2.666 18760
 61.932  10.899  11.414  -1.009   8.653  -2.789 18780
 63.662  10.745  11.046  -7.246  10.401  -3.028 18800
 65.656  10.441  10.332 -11.007  12.329  -3.517 18820
 67.676  10.048   7.984  -4.291  14.156  -3.878 18840
 69.578   9.715   8.820  -2.071  15.838  -4.102 18860
 71.027   9.516  16.027  -5.482  17.246  -4.292 18880
 72.212   9.440  20.634  -8.837  18.494  -4.457 18900
 73.798   9.451  19.728  -8.792  20.067  -4.532 18920
 75.461   9.423  17.993  -6.421  21.615  -4.571 18940
 76.983   9.416  16.010  -5.315  22.920  -4.555 18960
 78.212   9.257  19.672  -5.612  24.012  -4.697 18980
 79.076   9.247  24.702  -7.568  24.867  -4.748 19000
 80.057   9.282  25.822  -8.517  25.845  -4.783 19020
 81.114   9.320  21.085  -8.472  26.724  -4.812 19040
 82.150   9.390  21.390  -6.587  27.566  -4.753 19060
 82.822   9.573  25.827  -5.832  28.163  -4.563 19080
 83.454   9.783  32.567 -10.742  28.905  -4.500 19100
 84.833   9.801  23.945  -7.073  30.090  -4.515 19120
 86.075   9.769  23.971  -3.715  31.108  -4.478 19140
 86.973   9.761  26.913  -6.859  31.851  -4.513 19160
 87.323   9.860  29.532  -7.669  32.118  -4.466 19180
 87.265   9.936  31.934  -7.907  32.053  -4.452 19200
 87.230  10.088  30.829  -8.063  31.979  -4.368 19220
 87.136  10.431  30.251  -7.629  31.833  -4.088 19240
 86.913  10.706  28.177  -7.246  31.505  -3.872 19260
 86.640  10.916  30.022  -7.518  31.193  -3.733 19280
 86.391  11.099  29.965  -7.816  30.911  -3.633 19300
 86.112  11.140  28.601  -6.295  30.569  -3.629 19320
 85.782  11.176  27.454  -5.950  30.152  -3.619 19340
 85.306  11.385  26.200  -5.226  29.568  -3.420 19360
 84.718  11.620  27.136  -7.222  28.922  -3.262 19380
 84.113  11.805  25.091  -6.089  28.218  -3.122 19400
 83.391  11.985  24.360  -4.671  27.398  -2.949 19420
 82.309  12.232  24.250  -2.776  26.251  -2.660 19440
 80.734  12.583  22.455  -4.279  24.606  -2.324 19460
 79.097  13.108  20.893  -3.879  22.904  -1.816 19480
 77.330  13.765  18.540  -4.597  21.057  -1.218 19500
 75.456  14.424  21.306  -8.179  19.243  -0.743 19520
 73.938  14.851  14.414  -3.311  17.623  -0.361 19540
 72.775  15.053  11.869  -2.737  16.319  -0.192 19560
 71.716  15.042  11.441  -1.061  15.143  -0.185 19580
 70.350  15.025  12.218  -0.822  13.727  -0.176 19600
 68.362  15.025   9.558   0.431  11.670  -0.113 19620
 66.392  15.138   9.262   0.037   9.685   0.046 19640
 64.545  15.492   8.529  -1.726   7.856   0.381 19660
 62.822  15.820   4.992  -2.374   6.095   0.661 19680
 61.199  16.030   1.278  -0.919   4.374   0.862 19700
 59.552  16.136   1.287  -0.663   2.680   0.964 19720
 57.600  16.174  -1.419   0.292   0.661   1.025 19740
 55.772  16.191  -5.206  -2.139  -1.292   0.991 19760
 54.192  16.229  -6.680  -2.279  -2.988   0.974 19780
 52.686  16.276  -9.050  -1.424  -4.634   0.993 19800
 51.251  16.353 -12.260  -0.403  -6.258   1.070 19820
 49.486  16.495  -9.318   2.281  -8.065   1.288 19840
 47.969  16.118  -4.322  -0.751  -9.426   0.906 19860
 46.742  16.360  -1.524   1.489 -10.383   1.203 19880
 45.176  16.836 -15.609  -2.256 -12.061   1.606 19900
 43.761  17.387 -23.024  -0.701 -13.766   2.115 19920
 42.705  17.889 -17.131   1.145 -14.894   2.618 19940
 41.654  18.129 -18.775   0.908 -16.033   2.843 19960
 40.890  18.253 -19.957  -0.137 -16.895   2.919 19980
 40.356  18.262 -22.022   0.190 -17.569   2.890 20000
 40.029  18.248 -19.582   0.394 -17.951   2.846 20020
 39.784  18.141 -19.873   1.916 -18.249   2.760 20040
 39.494  18.087 -19.281   2.428 -18.564   2.741 20060
 39.166  18.120 -21.052   1.284 -18.959   2.775 20080
 38.862  18.229 -21.158  -0.394 -19.323   2.830 20100
 38.568  18.290 -22.143   1.014 -19.696   2.879 20120
 38.335  18.333 -22.876   0.136 -20.021   2.883 20140
 38.266  18.358 -22.761   1.499 -20.172   2.911 20160
 38.312  18.425 -23.308   0.956 -20.225   2.962 20180
 38.700  18.549 -24.681   1.051 -19.985   3.069 20200
 39.625  18.617 -23.155   0.091 -19.186   3.090 20220
 40.745  18.697 -21.710   0.533 -18.178   3.136 20240
 41.923  18.691 -20.526   1.222 -17.109   3.117 20260
 43.242  18.514 -19.221   0.611 -15.896   2.914 20280
 44.741  18.096 -16.840   2.194 -14.473   2.532 20300
 46.259  17.686 -15.349   0.298 -13.030   2.112 20320
 47.792  17.269 -16.935  -0.930 -11.663   1.661 20340
 49.449  16.737 -15.073  -0.903 -10.161   1.112 20360
 51.122  16.044 -10.441  -1.259  -8.549   0.414 20380
 52.626  15.205 -10.308  -0.531  -7.147  -0.384 20400
 54.149  14.304  -9.918  -1.931  -5.755  -1.260 20420
 55.451  13.412  -5.526  -1.670  -4.488  -2.093 20440
 56.544  12.590  -2.052  -3.456  -3.358  -2.886 20460
 57.543  11.997   0.741  -4.288  -2.269  -3.460 20480
 58.416  11.795   0.672  -5.359  -1.337  -3.668 20500
 59.137  11.844  -0.600  -5.015  -0.618  -3.616 20520
 59.664  12.054  -1.021  -4.341  -0.123  -3.389 20540
 60.084  12.253   0.758  -5.519   0.308  -3.216 20560
 60.158  12.492   1.110  -6.471   0.401  -3.037 20580
 60.222  12.768  -0.328  -6.160   0.439  -2.818 20600
 60.277  13.087  -1.752  -4.249   0.423  -2.507 20620
 60.287  13.457  -2.879  -5.260   0.331  -2.187 20640
 60.254  13.874  -2.691  -3.952   0.206  -1.790 20660
 60.119  14.346  -2.589  -3.256  -0.013  -1.332 20680
 59.946  14.798  -4.115  -2.554  -0.306  -0.885 20700
 59.675  15.236  -2.402  -1.812  -0.635  -0.444 20720
 59.434  15.532  -3.175  -2.883  -0.948  -0.186 20740
 59.151  15.625  -5.494  -1.662  -1.362  -0.094 20760
 58.917  15.602  -3.626  -0.929  -1.659  -0.098 20780
 58.710  15.603  -4.139  -3.148  -1.938  -0.144 20800
 58.856  15.670  -3.152  -0.830  -1.836  -0.054 20820
 59.052  15.427  -5.916   0.081  -1.771  -0.242 20840
 59.118  15.049  -4.619  -2.840  -1.796  -0.642 20860
 59.181  14.745  -6.241  -3.515  -1.871  -0.978 20880
 59.326  14.413  -4.735  -2.828  -1.818  -1.311 20900
 59.615  13.908  -8.288  -4.390  -1.736  -1.849 20920
 61.425  13.203  -7.003  -2.599  -0.141  -2.510 20940
 61.538  13.775   3.651   5.388   0.080  -1.675 20960
 61.551  13.878  -0.343  -6.063   0.076  -1.661 20980
 61.611  14.181  -0.881  -4.276   0.103  -1.402 21000
 61.654  14.410  -3.072  -7.722   0.047  -1.324 21020
 61.698  14.531  -1.610  -2.414   0.036  -1.195 21040
 61.759  14.654  -1.416  -3.516   0.050  -1.101 21060
 61.792  14.822  -1.207  -2.734   0.040  -0.942 21080
 61.818  15.014   0.984  -5.631   0.091  -0.852 21100
 61.832  15.320   3.548  -2.953   0.206  -0.574 21120
 61.870  15.326  -2.628  -1.739   0.154  -0.559 21140
 61.930  15.348  -1.892  -2.575   0.148  -0.553 21160
 61.995  15.362  -2.179  -2.139   0.138  -0.542 21180
 62.038  15.376  -1.760  -2.359   0.120  -0.539 21200
 62.102  15.389  -1.361  -1.841   0.135  -0.521 21220
 62.163  15.397  -1.827  -1.989   0.132  -0.512 21240
 62.230  15.415  -1.748  -2.073   0.138  -0.497 21260
 62.282  15.428  -1.366  -1.888   0.140  -0.482 21280
 62.333  15.455   1.413  -0.606   0.225  -0.415 21300
 62.394  15.469  -5.025  -2.597   0.123  -0.422 21320
 62.429  15.502  -1.724  -2.764   0.099  -0.415 21340
 62.479  15.513  -0.243  -1.417   0.135  -0.390 21360
 62.532  15.529  -1.411  -2.015   0.137  -0.379 21380
 62.574  15.543  -2.022  -2.426   0.110  -0.383 21400
 62.629  15.551  -3.617  -1.953   0.048  -0.377 21420
 62.700  15.569  -1.642  -1.842   0.064  -0.359 21440
 62.776  15.583  -1.947  -1.825   0.074  -0.345 21460
 62.818  15.610  -1.602  -2.203   0.061  -0.330 21480
 62.860  15.627  -1.055  -1.947   0.065  -0.318 21500
 62.920  15.642  -2.172  -1.609   0.054  -0.297 21520
 62.973  15.659  -1.894  -1.854   0.044  -0.283 21540
 63.032  15.676  -1.771  -2.093   0.044  -0.276 21560
 63.070  15.693  -1.582  -1.704   0.028  -0.258 21580
 63.140  15.701  -1.670  -1.915   0.042  -0.255 21600
 63.200  15.711  -1.448  -1.810   0.053  -0.248 21620
 63.262  15.732  -2.006  -2.006   0.048  -0.235 21640
 63.332  15.743  -1.579  -2.185   0.064  -0.238 21660
 63.392  15.756  -1.824  -1.824   0.063  -0.229 21680
 63.441  15.770  -1.654  -1.775   0.056  -0.217 21700
 63.508  15.770  -1.568  -1.728   0.070  -0.218 21720
 63.570  15.775  -1.969  -2.010   0.065  -0.222 21740
 63.628  15.788  -1.455  -2.021   0.074  -0.219 21760
 63.675  15.809  -2.063  -1.659   0.051  -0.197 21780
 63.733  15.827  -1.499  -1.742   0.059  -0.182 21800
 63.794  15.835  -1.815  -2.379   0.058  -0.195 21820
 63.843  15.855  -1.451  -2.136   0.057  -0.189 21840
 63.892  15.872  -1.936  -1.734   0.042  -0.175 21860
 63.952  15.876  -1.215  -2.066   0.060  -0.183 21880
 64.004  15.893  -1.697  -2.141   0.055  -0.181 21900
 64.047  15.910  -1.810  -2.172   0.038  -0.180 21920
 64.090  15.926  -1.736  -2.179   0.024  -0.179 21940
 64.127  15.935  -1.201  -1.441   0.019  -0.164 21960
 64.188  15.950  -1.369  -2.656   0.034  -0.179 21980
 64.247  15.971  -2.022  -2.103   0.027  -0.172 22000
 64.300  15.989  -1.780  -2.467   0.021  -0.179 22020
 64.356  16.010  -1.500  -2.351   0.027  -0.179 22040
 64.412  16.023  -1.131  -2.060   0.044  -0.178 22060
 64.482  16.037  -1.411  -2.297   0.065  -0.184 22080
 64.529  16.055  -1.578  -1.578   0.057  -0.163 22100
 64.582  16.065  -1.646  -2.047   0.055  -0.166 22120
 64.643  16.080  -1.293  -1.818   0.071  -0.156 22140
 64.704  16.101  -1.337  -2.308   0.084  -0.156 22160
 64.774  16.108  -1.503  -2.234   0.102  -0.167 22180
 64.821  16.111  -1.929  -1.769   0.084  -0.167 22200
 64.880  16.128  -1.807  -1.807   0.081  -0.156 22220
 64.923  16.148  -1.287  -1.850   0.079  -0.143 22240
 64.964  16.170  -1.743  -2.229   0.061  -0.139 22260
 65.019  16.183  -1.582  -2.028   0.062  -0.139 22280
 65.084  16.192  -1.975  -2.217   0.062  -0.147 22300
 65.139  16.220  -1.775  -2.339   0.057  -0.141 22320
 65.188  16.234  -1.988  -2.271   0.040  -0.147 22340
 65.229  16.247  -1.480  -1.680   0.031  -0.136 22360
 65.283  16.268  -1.561  -2.521   0.033  -0.143 22380
 65.321  16.286  -1.806  -1.886   0.011  -0.133 22401
 65.363  16.303  -1.172  -1.657   0.014  -0.118 22421
 65.418  16.306  -1.703  -2.229   0.012  -0.134 22442
 65.469  16.323  -1.771  -1.932   0.006  -0.127 22462
 65.511  16.325  -1.575  -1.535  -0.004  -0.122 22482
 65.563  16.338  -1.709  -2.237  -0.008  -0.129 22502
 65.636  16.346  -1.732  -1.853   0.008  -0.128 22522
 65.695  16.358  -1.207  -2.332   0.026  -0.138 22542
 65.770  16.383  -1.865  -2.108   0.040  -0.128 22562
 65.828  16.393  -2.153  -2.437   0.026  -0.144 22582
 65.871  16.408  -1.493  -1.976   0.020  -0.139 22602
 65.933  16.416  -1.819  -1.779   0.022  -0.135 22622
